[0]	20
[1]	5
[2]	2
[3]	23
[4]	41
[5]	63
[6]	39
[7]	73
[8]	87
[9]	65
[10]	54
[11]	61
[12]	91
[13]	113
[14]	104
[15]	125
[16]	117
[17]	93
[18]	106
[19]	97
[20]	113
[21]	127
[22]	124
[23]	105
[24]	127
[25]	127
[26]	112
[27]	104
[28]	127
[29]	101
[30]	101
[31]	117
[32]	116
[33]	103
[34]	120
[35]	82
[36]	84
[37]	91
[38]	65
[39]	86
[40]	53
[41]	90
[42]	81
[43]	49
[44]	54
[45]	60
[46]	34
[47]	13
[48]	-2
[49]	-3
[50]	9
[51]	-17
[52]	-7
[53]	-43
[54]	-19
[55]	-33
[56]	-43
[57]	-29
[58]	-67
[59]	-75
[60]	-82
[61]	-94
[62]	-90
[63]	-92
[64]	-114
[65]	-86
[66]	-101
[67]	-128
[68]	-121
[69]	-116
[70]	-128
[71]	-106
[72]	-113
[73]	-128
[74]	-104
[75]	-128
[76]	-107
[77]	-122
[78]	-113
[79]	-112
[80]	-116
[81]	-104
[82]	-128
[83]	-103
[84]	-121
[85]	-124
[86]	-75
[87]	-75
[88]	-89
[89]	-84
[90]	-93
[91]	-60
[92]	-63
[93]	-64
[94]	-34
[95]	-24
[96]	-16
[97]	-28
[98]	-32
[99]	0
[100]	13
[101]	5
[102]	14
[103]	39
[104]	39
[105]	16
[106]	40
[107]	30
[108]	80
[109]	62
[110]	81
[111]	83
[112]	62
[113]	92
[114]	87
[115]	124
[116]	114
[117]	95
[118]	94
[119]	103
[120]	107
[121]	127
[122]	103
[123]	118
[124]	121
[125]	113
[126]	127
[127]	127
[128]	127
[129]	112
[130]	127
[131]	102
[132]	94
[133]	119
[134]	96
[135]	92
[136]	118
[137]	74
[138]	74
[139]	76
[140]	65
[141]	49
[142]	75
[143]	52
[144]	55
[145]	59
[146]	35
[147]	1
[148]	40
[149]	8
[150]	-22
[151]	-31
[152]	-41
[153]	-37
[154]	-10
[155]	-15
[156]	-46
[157]	-74
[158]	-83
[159]	-56
[160]	-73
[161]	-59
[162]	-95
[163]	-71
[164]	-118
[165]	-91
[166]	-88
[167]	-94
[168]	-117
[169]	-106
[170]	-105
[171]	-127
[172]	-110
[173]	-128
[174]	-128
[175]	-128
[176]	-112
[177]	-117
[178]	-128
[179]	-128
[180]	-122
[181]	-121
[182]	-96
[183]	-109
[184]	-128
[185]	-87
[186]	-75
[187]	-81
[188]	-100
[189]	-96
[190]	-89
[191]	-85
[192]	-43
[193]	-79
[194]	-46
[195]	-41
[196]	-55
[197]	-45
[198]	4
[199]	-10
[200]	-18
[201]	-4
[202]	29
[203]	26
[204]	40
[205]	49
[206]	50
[207]	47
[208]	41
[209]	69
[210]	50
[211]	90
[212]	93
[213]	86
[214]	98
[215]	98
[216]	123
[217]	115
[218]	125
[219]	127
[220]	127
[221]	113
[222]	127
[223]	124
[224]	124
[225]	127
[226]	127
[227]	106
[228]	127
[229]	101
[230]	127
[231]	99
[232]	114
[233]	116
[234]	100
[235]	87
[236]	84
[237]	82
[238]	64
[239]	99
[240]	81
[241]	49
[242]	77
[243]	31
[244]	43
[245]	59
[246]	50
[247]	39
[248]	-7
[249]	21
[250]	-17
[251]	3
[252]	7
[253]	-1
[254]	-24
[255]	-31
[256]	-42
[257]	-28
[258]	-67
[259]	-80
[260]	-52
[261]	-72
[262]	-108
[263]	-80
[264]	-92
[265]	-100
[266]	-104
[267]	-91
[268]	-122
[269]	-111
[270]	-101
[271]	-108
[272]	-114
[273]	-121
[274]	-128
[275]	-128
[276]	-114
[277]	-107
[278]	-106
[279]	-128
[280]	-105
[281]	-126
[282]	-120
[283]	-123
[284]	-117
[285]	-105
[286]	-97
[287]	-92
[288]	-77
[289]	-63
[290]	-84
[291]	-69
[292]	-55
[293]	-44
[294]	-35
[295]	-16
[296]	-25
[297]	-16
[298]	8
[299]	-21
[300]	3
[301]	31
[302]	38
[303]	30
[304]	47
[305]	59
[306]	68
[307]	75
[308]	84
[309]	91
[310]	64
[311]	55
[312]	61
[313]	105
[314]	90
[315]	98
[316]	84
[317]	127
[318]	116
[319]	101
[320]	127
[321]	104
[322]	120
[323]	119
[324]	119
[325]	127
[326]	127
[327]	124
[328]	127
[329]	111
[330]	126
[331]	111
[332]	111
[333]	107
[334]	127
[335]	127
[336]	79
[337]	97
[338]	86
[339]	90
[340]	86
[341]	63
[342]	46
[343]	48
[344]	26
[345]	41
[346]	19
[347]	15
[348]	-6
[349]	24
[350]	-16
[351]	1
[352]	-26
[353]	-46
[354]	-15
[355]	-42
[356]	-52
[357]	-59
[358]	-57
[359]	-49
[360]	-59
[361]	-71
[362]	-107
[363]	-117
[364]	-85
[365]	-86
[366]	-121
[367]	-121
[368]	-107
[369]	-105
[370]	-128
[371]	-128
[372]	-128
[373]	-114
[374]	-108
[375]	-126
[376]	-124
[377]	-117
[378]	-123
[379]	-105
[380]	-128
[381]	-128
[382]	-118
[383]	-99
[384]	-115
[385]	-89
[386]	-86
[387]	-88
[388]	-70
[389]	-73
[390]	-91
[391]	-48
[392]	-54
[393]	-60
[394]	-70
[395]	-52
[396]	-42
[397]	-8
[398]	-27
[399]	-13
[400]	14
[401]	-16
[402]	11
[403]	39
[404]	42
[405]	22
[406]	36
[407]	33
[408]	80
[409]	80
[410]	68
[411]	96
[412]	72
[413]	115
[414]	87
[415]	98
[416]	125
[417]	127
[418]	115
[419]	118
[420]	104
[421]	127
[422]	127
[423]	104
[424]	125
[425]	127
[426]	123
[427]	127
[428]	106
[429]	100
[430]	126
[431]	107
[432]	116
[433]	116
[434]	119
[435]	100
[436]	84
[437]	110
[438]	83
[439]	73
[440]	82
[441]	46
[442]	82
[443]	48
[444]	46
[445]	53
[446]	10
[447]	21
[448]	28
[449]	-10
[450]	14
[451]	9
[452]	10
[453]	-45
[454]	-16
[455]	-38
[456]	-52
[457]	-37
[458]	-62
[459]	-72
[460]	-96
[461]	-75
[462]	-112
[463]	-118
[464]	-93
[465]	-95
[466]	-111
[467]	-114
[468]	-126
[469]	-121
[470]	-102
[471]	-105
[472]	-128
[473]	-128
[474]	-128
[475]	-110
[476]	-128
[477]	-120
[478]	-128
[479]	-113
[480]	-128
[481]	-106
[482]	-102
[483]	-128
[484]	-90
[485]	-90
[486]	-79
[487]	-110
[488]	-78
[489]	-77
[490]	-89
[491]	-55
[492]	-48
[493]	-36
[494]	-24
[495]	-16
[496]	-24
[497]	-22
[498]	7
[499]	-10
[500]	-25
[501]	26
[502]	32
[503]	47
[504]	10
[505]	46
[506]	52
[507]	51
[508]	62
[509]	68
[510]	93
[511]	104
[512]	101
[513]	70
[514]	75
[515]	110
[516]	87
[517]	111
[518]	123
[519]	93
[520]	126
[521]	127
[522]	127
[523]	125
[524]	127
[525]	106
[526]	127
[527]	127
[528]	127
[529]	127
[530]	127
[531]	127
[532]	98
[533]	115
[534]	121
[535]	91
[536]	104
[537]	110
[538]	66
[539]	93
[540]	81
[541]	77
[542]	40
[543]	32
[544]	70
[545]	41
[546]	22
[547]	43
[548]	21
[549]	8
[550]	17
[551]	4
[552]	-16
[553]	-22
[554]	-20
[555]	-57
[556]	-48
[557]	-40
[558]	-48
[559]	-90
[560]	-86
[561]	-58
[562]	-87
[563]	-98
[564]	-116
[565]	-109
[566]	-117
[567]	-88
[568]	-128
[569]	-128
[570]	-128
[571]	-105
[572]	-109
[573]	-128
[574]	-128
[575]	-128
[576]	-128
[577]	-128
[578]	-128
[579]	-106
[580]	-128
[581]	-102
[582]	-107
[583]	-128
[584]	-100
[585]	-115
[586]	-98
[587]	-75
[588]	-108
[589]	-76
[590]	-53
[591]	-62
[592]	-72
[593]	-43
[594]	-50
[595]	-54
[596]	-36
[597]	-37
[598]	4
[599]	1
[600]	-10
[601]	2
[602]	0
[603]	25
[604]	11
[605]	16
[606]	64
[607]	38
[608]	39
[609]	92
[610]	87
[611]	58
[612]	80
[613]	77
[614]	81
[615]	114
[616]	104
[617]	104
[618]	97
[619]	127
[620]	104
[621]	117
[622]	127
[623]	127
[624]	127
[625]	103
[626]	127
[627]	107
[628]	116
[629]	127
[630]	106
[631]	127
[632]	91
[633]	97
[634]	85
[635]	109
[636]	89
[637]	86
[638]	103
[639]	108
[640]	59
[641]	83
[642]	71
[643]	71
[644]	45
[645]	44
[646]	40
[647]	52
[648]	40
[649]	23
[650]	-8
[651]	-24
[652]	-27
[653]	-7
[654]	-38
[655]	-31
[656]	-53
[657]	-53
[658]	-63
[659]	-48
[660]	-89
[661]	-90
[662]	-68
[663]	-72
[664]	-120
[665]	-124
[666]	-117
[667]	-119
[668]	-128
[669]	-116
[670]	-96
[671]	-128
[672]	-106
[673]	-128
[674]	-128
[675]	-106
[676]	-128
[677]	-128
[678]	-125
[679]	-127
[680]	-111
[681]	-96
[682]	-114
[683]	-120
[684]	-88
[685]	-82
[686]	-94
[687]	-77
[688]	-67
[689]	-84
[690]	-101
[691]	-86
[692]	-87
[693]	-69
[694]	-52
[695]	-29
[696]	-10
[697]	-45
[698]	3
[699]	-30
[700]	-21
[701]	-20
[702]	30
[703]	23
[704]	52
[705]	55
[706]	27
[707]	72
[708]	55
[709]	89
[710]	92
[711]	76
[712]	86
[713]	68
[714]	102
[715]	122
[716]	109
[717]	94
[718]	127
[719]	127
[720]	115
[721]	127
[722]	127
[723]	118
[724]	113
[725]	127
[726]	127
[727]	122
[728]	127
[729]	127
[730]	125
[731]	127
[732]	99
[733]	116
[734]	122
[735]	93
[736]	112
[737]	119
[738]	83
[739]	106
[740]	101
[741]	56
[742]	59
[743]	55
[744]	62
[745]	67
[746]	18
[747]	34
[748]	18
[749]	19
[750]	22
[751]	11
[752]	-13
[753]	-37
[754]	-26
[755]	-36
[756]	-47
[757]	-28
[758]	-70
[759]	-91
[760]	-48
[761]	-78
[762]	-87
[763]	-113
[764]	-88
[765]	-109
[766]	-81
[767]	-112
[768]	-96
[769]	-121
[770]	-119
[771]	-128
[772]	-128
[773]	-110
[774]	-128
[775]	-128
[776]	-128
[777]	-124
[778]	-128
[779]	-122
[780]	-101
[781]	-127
[782]	-128
[783]	-128
[784]	-118
[785]	-117
[786]	-95
[787]	-92
[788]	-80
[789]	-104
[790]	-71
[791]	-63
[792]	-55
[793]	-58
[794]	-76
[795]	-64
[796]	-23
[797]	-4
[798]	-24
[799]	-3
[800]	-10
[801]	-19
[802]	38
[803]	36
[804]	34
[805]	51
[806]	63
[807]	69
[808]	45
[809]	77
[810]	47
[811]	97
[812]	97
[813]	73
[814]	122
[815]	96
[816]	118
[817]	99
[818]	113
[819]	103
[820]	127
[821]	101
[822]	115
[823]	120
[824]	127
[825]	116
[826]	127
[827]	127
[828]	111
[829]	127
[830]	114
[831]	106
[832]	127
[833]	95
[834]	127
[835]	82
[836]	95
[837]	72
[838]	72
[839]	93
[840]	73
[841]	79
[842]	70
[843]	57
[844]	37
[845]	22
[846]	47
[847]	27
[848]	39
[849]	29
[850]	27
[851]	-9
[852]	-13
[853]	-16
[854]	-9
[855]	-12
[856]	-37
[857]	-28
[858]	-68
[859]	-41
[860]	-88
[861]	-85
[862]	-60
[863]	-100
[864]	-73
[865]	-119
[866]	-96
[867]	-125
[868]	-123
[869]	-102
[870]	-128
[871]	-106
[872]	-105
[873]	-128
[874]	-128
[875]	-128
[876]	-108
[877]	-128
[878]	-128
[879]	-128
[880]	-128
[881]	-119
[882]	-99
[883]	-128
[884]	-103
[885]	-88
[886]	-104
[887]	-102
[888]	-109
[889]	-62
[890]	-92
[891]	-47
[892]	-49
[893]	-34
[894]	-34
[895]	-39
[896]	-49
[897]	-28
[898]	-41
[899]	-5
[900]	5
[901]	-18
[902]	-12
[903]	0
[904]	31
[905]	55
[906]	52
[907]	45
[908]	63
[909]	81
[910]	61
[911]	94
[912]	80
[913]	105
[914]	87
[915]	112
[916]	90
[917]	127
[918]	120
[919]	127
[920]	123
[921]	127
[922]	103
[923]	127
[924]	120
[925]	119
[926]	107
[927]	115
[928]	102
[929]	127
[930]	98
[931]	127
[932]	119
[933]	111
[934]	112
[935]	90
[936]	118
[937]	76
[938]	95
[939]	67
[940]	88
[941]	48
[942]	54
[943]	53
[944]	38
[945]	45
[946]	58
[947]	17
[948]	28
[949]	5
[950]	3
[951]	-26
[952]	-29
[953]	-10
[954]	-54
[955]	-17
[956]	-41
[957]	-26
[958]	-54
[959]	-57
[960]	-63
[961]	-95
[962]	-68
[963]	-79
[964]	-119
[965]	-115
[966]	-126
[967]	-127
[968]	-118
[969]	-128
[970]	-99
[971]	-126
[972]	-123
[973]	-115
[974]	-121
[975]	-128
[976]	-128
[977]	-123
[978]	-125
[979]	-128
[980]	-115
[981]	-107
[982]	-113
[983]	-95
[984]	-86
[985]	-127
[986]	-105
[987]	-92
[988]	-92
[989]	-76
[990]	-56
[991]	-88
[992]	-84
[993]	-50
[994]	-27
[995]	-50
[996]	-43
[997]	-32
[998]	-13
[999]	7
