[0]	0.777
[1]	0.223
[2]	0.075
[3]	0.891
[4]	1.629
[5]	2.477
[6]	1.528
[7]	2.865
[8]	3.406
[9]	2.527
[10]	2.12
[11]	2.386
[12]	3.55
[13]	4.428
[14]	4.057
[15]	4.894
[16]	4.57
[17]	3.637
[18]	4.142
[19]	3.806
[20]	4.419
[21]	5.749
[22]	4.838
[23]	4.102
[24]	5.756
[25]	5.339
[26]	4.372
[27]	4.049
[28]	5.285
[29]	3.933
[30]	3.935
[31]	4.591
[32]	4.516
[33]	4.031
[34]	4.701
[35]	3.194
[36]	3.274
[37]	3.571
[38]	2.56
[39]	3.35
[40]	2.084
[41]	3.527
[42]	3.161
[43]	1.934
[44]	2.101
[45]	2.369
[46]	1.354
[47]	0.532
[48]	-0.07
[49]	-0.09
[50]	0.372
[51]	-0.656
[52]	-0.279
[53]	-1.649
[54]	-0.728
[55]	-1.258
[56]	-1.681
[57]	-1.122
[58]	-2.612
[59]	-2.905
[60]	-3.193
[61]	-3.659
[62]	-3.517
[63]	-3.559
[64]	-4.448
[65]	-3.36
[66]	-3.927
[67]	-5.086
[68]	-4.689
[69]	-4.52
[70]	-4.965
[71]	-4.138
[72]	-4.378
[73]	-5.301
[74]	-4.037
[75]	-5.138
[76]	-4.167
[77]	-4.745
[78]	-4.388
[79]	-4.358
[80]	-4.517
[81]	-4.029
[82]	-5.477
[83]	-4.018
[84]	-4.726
[85]	-4.828
[86]	-2.927
[87]	-2.905
[88]	-3.469
[89]	-3.28
[90]	-3.627
[91]	-2.332
[92]	-2.442
[93]	-2.471
[94]	-1.332
[95]	-0.919
[96]	-0.617
[97]	-1.093
[98]	-1.244
[99]	0.005
[100]	0.526
[101]	0.222
[102]	0.557
[103]	1.52
[104]	1.532
[105]	0.625
[106]	1.567
[107]	1.175
[108]	3.141
[109]	2.425
[110]	3.184
[111]	3.262
[112]	2.43
[113]	3.607
[114]	3.386
[115]	4.858
[116]	4.461
[117]	3.707
[118]	3.693
[119]	4.043
[120]	4.184
[121]	4.98
[122]	4.01
[123]	4.618
[124]	4.739
[125]	4.427
[126]	5.539
[127]	5.409
[128]	5.364
[129]	4.372
[130]	4.972
[131]	3.975
[132]	3.676
[133]	4.639
[134]	3.743
[135]	3.6
[136]	4.597
[137]	2.88
[138]	2.886
[139]	2.965
[140]	2.545
[141]	1.903
[142]	2.937
[143]	2.036
[144]	2.143
[145]	2.32
[146]	1.386
[147]	0.041
[148]	1.58
[149]	0.312
[150]	-0.863
[151]	-1.185
[152]	-1.585
[153]	-1.413
[154]	-0.396
[155]	-0.573
[156]	-1.797
[157]	-2.871
[158]	-3.222
[159]	-2.177
[160]	-2.854
[161]	-2.283
[162]	-3.687
[163]	-2.767
[164]	-4.598
[165]	-3.524
[166]	-3.423
[167]	-3.67
[168]	-4.542
[169]	-4.129
[170]	-4.066
[171]	-4.949
[172]	-4.264
[173]	-5.555
[174]	-5.237
[175]	-5.389
[176]	-4.362
[177]	-4.538
[178]	-5.131
[179]	-5.226
[180]	-4.746
[181]	-4.709
[182]	-3.75
[183]	-4.226
[184]	-5.184
[185]	-3.363
[186]	-2.927
[187]	-3.131
[188]	-3.875
[189]	-3.729
[190]	-3.442
[191]	-3.308
[192]	-1.672
[193]	-3.081
[194]	-1.785
[195]	-1.578
[196]	-2.145
[197]	-1.734
[198]	0.166
[199]	-0.37
[200]	-0.7
[201]	-0.131
[202]	1.142
[203]	1.039
[204]	1.575
[205]	1.935
[206]	1.96
[207]	1.851
[208]	1.616
[209]	2.695
[210]	1.948
[211]	3.51
[212]	3.654
[213]	3.369
[214]	3.85
[215]	3.82
[216]	4.792
[217]	4.488
[218]	4.9
[219]	5.447
[220]	5.496
[221]	4.433
[222]	5.035
[223]	4.829
[224]	4.847
[225]	4.949
[226]	5.959
[227]	4.154
[228]	5.223
[229]	3.959
[230]	5.646
[231]	3.874
[232]	4.461
[233]	4.529
[234]	3.904
[235]	3.416
[236]	3.275
[237]	3.201
[238]	2.499
[239]	3.88
[240]	3.185
[241]	1.903
[242]	3.02
[243]	1.21
[244]	1.701
[245]	2.295
[246]	1.943
[247]	1.537
[248]	-0.259
[249]	0.831
[250]	-0.654
[251]	0.118
[252]	0.287
[253]	-0.016
[254]	-0.936
[255]	-1.183
[256]	-1.626
[257]	-1.094
[258]	-2.589
[259]	-3.098
[260]	-2.02
[261]	-2.814
[262]	-4.206
[263]	-3.09
[264]	-3.558
[265]	-3.889
[266]	-4.054
[267]	-3.541
[268]	-4.743
[269]	-4.329
[270]	-3.936
[271]	-4.196
[272]	-4.426
[273]	-4.702
[274]	-5.117
[275]	-5.295
[276]	-4.417
[277]	-4.176
[278]	-4.125
[279]	-5.455
[280]	-4.096
[281]	-4.911
[282]	-4.679
[283]	-4.786
[284]	-4.55
[285]	-4.08
[286]	-3.772
[287]	-3.589
[288]	-2.991
[289]	-2.431
[290]	-3.279
[291]	-2.671
[292]	-2.142
[293]	-1.703
[294]	-1.367
[295]	-0.617
[296]	-0.956
[297]	-0.617
[298]	0.312
[299]	-0.819
[300]	0.129
[301]	1.236
[302]	1.487
[303]	1.189
[304]	1.856
[305]	2.318
[306]	2.66
[307]	2.94
[308]	3.295
[309]	3.547
[310]	2.522
[311]	2.161
[312]	2.406
[313]	4.095
[314]	3.528
[315]	3.832
[316]	3.27
[317]	5.224
[318]	4.525
[319]	3.934
[320]	5.675
[321]	4.058
[322]	4.685
[323]	4.659
[324]	4.635
[325]	5.398
[326]	5.012
[327]	4.849
[328]	5.561
[329]	4.332
[330]	4.908
[331]	4.327
[332]	4.332
[333]	4.182
[334]	5.059
[335]	4.956
[336]	3.089
[337]	3.812
[338]	3.357
[339]	3.528
[340]	3.378
[341]	2.467
[342]	1.808
[343]	1.895
[344]	1.019
[345]	1.614
[346]	0.742
[347]	0.595
[348]	-0.215
[349]	0.954
[350]	-0.604
[351]	0.035
[352]	-0.984
[353]	-1.799
[354]	-0.577
[355]	-1.616
[356]	-2.01
[357]	-2.293
[358]	-2.211
[359]	-1.908
[360]	-2.277
[361]	-2.768
[362]	-4.172
[363]	-4.567
[364]	-3.294
[365]	-3.353
[366]	-4.704
[367]	-4.71
[368]	-4.168
[369]	-4.074
[370]	-5.339
[371]	-5.722
[372]	-5.788
[373]	-4.429
[374]	-4.197
[375]	-4.902
[376]	-4.82
[377]	-4.57
[378]	-4.794
[379]	-4.103
[380]	-4.988
[381]	-5.407
[382]	-4.609
[383]	-3.837
[384]	-4.488
[385]	-3.478
[386]	-3.342
[387]	-3.438
[388]	-2.717
[389]	-2.837
[390]	-3.532
[391]	-1.868
[392]	-2.082
[393]	-2.347
[394]	-2.706
[395]	-2.019
[396]	-1.634
[397]	-0.306
[398]	-1.029
[399]	-0.48
[400]	0.56
[401]	-0.629
[402]	0.459
[403]	1.513
[404]	1.634
[405]	0.881
[406]	1.426
[407]	1.306
[408]	3.121
[409]	3.118
[410]	2.668
[411]	3.748
[412]	2.817
[413]	4.49
[414]	3.42
[415]	3.845
[416]	4.879
[417]	5.005
[418]	4.491
[419]	4.601
[420]	4.082
[421]	5.816
[422]	5.542
[423]	4.069
[424]	4.88
[425]	5.688
[426]	4.814
[427]	5.931
[428]	4.141
[429]	3.892
[430]	4.929
[431]	4.2
[432]	4.536
[433]	4.534
[434]	4.644
[435]	3.911
[436]	3.293
[437]	4.293
[438]	3.244
[439]	2.845
[440]	3.228
[441]	1.809
[442]	3.205
[443]	1.898
[444]	1.824
[445]	2.095
[446]	0.404
[447]	0.836
[448]	1.095
[449]	-0.383
[450]	0.576
[451]	0.36
[452]	0.418
[453]	-1.756
[454]	-0.608
[455]	-1.466
[456]	-2.014
[457]	-1.428
[458]	-2.394
[459]	-2.811
[460]	-3.735
[461]	-2.911
[462]	-4.34
[463]	-4.578
[464]	-3.612
[465]	-3.686
[466]	-4.316
[467]	-4.422
[468]	-4.912
[469]	-4.702
[470]	-3.973
[471]	-4.087
[472]	-5.033
[473]	-5.457
[474]	-5.569
[475]	-4.288
[476]	-5.491
[477]	-4.68
[478]	-5.906
[479]	-4.379
[480]	-5.596
[481]	-4.131
[482]	-3.985
[483]	-5.341
[484]	-3.503
[485]	-3.488
[486]	-3.075
[487]	-4.282
[488]	-3.028
[489]	-2.987
[490]	-3.478
[491]	-2.143
[492]	-1.856
[493]	-1.38
[494]	-0.92
[495]	-0.63
[496]	-0.919
[497]	-0.858
[498]	0.282
[499]	-0.38
[500]	-0.979
[501]	1.043
[502]	1.242
[503]	1.842
[504]	0.41
[505]	1.801
[506]	2.025
[507]	1.997
[508]	2.424
[509]	2.651
[510]	3.634
[511]	4.06
[512]	3.935
[513]	2.723
[514]	2.921
[515]	4.292
[516]	3.398
[517]	4.347
[518]	4.81
[519]	3.625
[520]	4.93
[521]	5.777
[522]	5.073
[523]	4.89
[524]	5.387
[525]	4.162
[526]	5.221
[527]	5.368
[528]	5.104
[529]	5.543
[530]	5.743
[531]	5.668
[532]	3.824
[533]	4.503
[534]	4.712
[535]	3.561
[536]	4.085
[537]	4.291
[538]	2.574
[539]	3.634
[540]	3.186
[541]	3.0
[542]	1.584
[543]	1.25
[544]	2.741
[545]	1.609
[546]	0.858
[547]	1.687
[548]	0.819
[549]	0.32
[550]	0.658
[551]	0.166
[552]	-0.627
[553]	-0.844
[554]	-0.775
[555]	-2.196
[556]	-1.851
[557]	-1.539
[558]	-1.88
[559]	-3.495
[560]	-3.357
[561]	-2.261
[562]	-3.366
[563]	-3.813
[564]	-4.52
[565]	-4.254
[566]	-4.558
[567]	-3.439
[568]	-5.293
[569]	-4.972
[570]	-5.349
[571]	-4.086
[572]	-4.228
[573]	-5.756
[574]	-5.622
[575]	-5.074
[576]	-5.712
[577]	-5.929
[578]	-5.818
[579]	-4.107
[580]	-5.229
[581]	-3.972
[582]	-4.15
[583]	-5.233
[584]	-3.903
[585]	-4.482
[586]	-3.814
[587]	-2.921
[588]	-4.201
[589]	-2.94
[590]	-2.043
[591]	-2.389
[592]	-2.79
[593]	-1.685
[594]	-1.921
[595]	-2.088
[596]	-1.412
[597]	-1.441
[598]	0.164
[599]	0.036
[600]	-0.385
[601]	0.095
[602]	0.024
[603]	0.999
[604]	0.436
[605]	0.626
[606]	2.488
[607]	1.479
[608]	1.534
[609]	3.582
[610]	3.419
[611]	2.256
[612]	3.134
[613]	3.031
[614]	3.159
[615]	4.465
[616]	4.067
[617]	4.066
[618]	3.806
[619]	5.369
[620]	4.085
[621]	4.583
[622]	5.881
[623]	5.668
[624]	5.209
[625]	4.03
[626]	5.64
[627]	4.172
[628]	4.536
[629]	5.84
[630]	4.135
[631]	5.308
[632]	3.569
[633]	3.792
[634]	3.331
[635]	4.269
[636]	3.464
[637]	3.368
[638]	4.024
[639]	4.238
[640]	2.329
[641]	3.245
[642]	2.798
[643]	2.793
[644]	1.755
[645]	1.719
[646]	1.584
[647]	2.021
[648]	1.564
[649]	0.915
[650]	-0.315
[651]	-0.936
[652]	-1.043
[653]	-0.262
[654]	-1.477
[655]	-1.212
[656]	-2.06
[657]	-2.072
[658]	-2.442
[659]	-1.857
[660]	-3.457
[661]	-3.517
[662]	-2.637
[663]	-2.799
[664]	-4.682
[665]	-4.842
[666]	-4.568
[667]	-4.639
[668]	-5.465
[669]	-4.501
[670]	-3.746
[671]	-5.511
[672]	-4.141
[673]	-5.137
[674]	-5.478
[675]	-4.141
[676]	-5.241
[677]	-5.001
[678]	-4.845
[679]	-4.952
[680]	-4.331
[681]	-3.738
[682]	-4.446
[683]	-4.672
[684]	-3.415
[685]	-3.192
[686]	-3.672
[687]	-3.005
[688]	-2.61
[689]	-3.267
[690]	-3.919
[691]	-3.354
[692]	-3.366
[693]	-2.662
[694]	-1.998
[695]	-1.139
[696]	-0.369
[697]	-1.749
[698]	0.14
[699]	-1.143
[700]	-0.824
[701]	-0.776
[702]	1.184
[703]	0.91
[704]	2.04
[705]	2.175
[706]	1.052
[707]	2.827
[708]	2.139
[709]	3.488
[710]	3.594
[711]	2.975
[712]	3.366
[713]	2.666
[714]	3.996
[715]	4.76
[716]	4.265
[717]	3.696
[718]	5.119
[719]	4.957
[720]	4.508
[721]	5.339
[722]	5.017
[723]	4.625
[724]	4.424
[725]	5.451
[726]	5.673
[727]	4.781
[728]	5.354
[729]	5.184
[730]	4.895
[731]	5.191
[732]	3.881
[733]	4.53
[734]	4.763
[735]	3.638
[736]	4.378
[737]	4.657
[738]	3.249
[739]	4.146
[740]	3.937
[741]	2.194
[742]	2.298
[743]	2.163
[744]	2.426
[745]	2.633
[746]	0.726
[747]	1.338
[748]	0.713
[749]	0.747
[750]	0.869
[751]	0.429
[752]	-0.488
[753]	-1.428
[754]	-1.019
[755]	-1.385
[756]	-1.833
[757]	-1.062
[758]	-2.7
[759]	-3.542
[760]	-1.859
[761]	-3.026
[762]	-3.399
[763]	-4.387
[764]	-3.405
[765]	-4.23
[766]	-3.164
[767]	-4.339
[768]	-3.744
[769]	-4.724
[770]	-4.641
[771]	-5.144
[772]	-5.571
[773]	-4.271
[774]	-5.629
[775]	-5.896
[776]	-5.072
[777]	-4.83
[778]	-5.913
[779]	-4.75
[780]	-3.941
[781]	-4.923
[782]	-4.985
[783]	-5.105
[784]	-4.573
[785]	-4.547
[786]	-3.68
[787]	-3.57
[788]	-3.118
[789]	-4.054
[790]	-2.752
[791]	-2.444
[792]	-2.123
[793]	-2.245
[794]	-2.944
[795]	-2.485
[796]	-0.883
[797]	-0.142
[798]	-0.906
[799]	-0.1
[800]	-0.372
[801]	-0.736
[802]	1.481
[803]	1.402
[804]	1.325
[805]	1.984
[806]	2.479
[807]	2.694
[808]	1.765
[809]	3.021
[810]	1.834
[811]	3.795
[812]	3.791
[813]	2.848
[814]	4.761
[815]	3.738
[816]	4.596
[817]	3.891
[818]	4.421
[819]	4.02
[820]	5.366
[821]	3.965
[822]	4.487
[823]	4.698
[824]	5.239
[825]	4.539
[826]	5.396
[827]	5.906
[828]	4.323
[829]	5.498
[830]	4.464
[831]	4.15
[832]	5.18
[833]	3.726
[834]	5.064
[835]	3.224
[836]	3.735
[837]	2.805
[838]	2.823
[839]	3.625
[840]	2.842
[841]	3.079
[842]	2.752
[843]	2.241
[844]	1.466
[845]	0.878
[846]	1.848
[847]	1.077
[848]	1.535
[849]	1.147
[850]	1.073
[851]	-0.349
[852]	-0.479
[853]	-0.618
[854]	-0.329
[855]	-0.469
[856]	-1.427
[857]	-1.062
[858]	-2.632
[859]	-1.581
[860]	-3.405
[861]	-3.287
[862]	-2.337
[863]	-3.9
[864]	-2.848
[865]	-4.639
[866]	-3.73
[867]	-4.853
[868]	-4.774
[869]	-3.98
[870]	-5.098
[871]	-4.126
[872]	-4.068
[873]	-5.222
[874]	-5.214
[875]	-5.245
[876]	-4.191
[877]	-5.869
[878]	-4.981
[879]	-5.388
[880]	-5.666
[881]	-4.625
[882]	-3.848
[883]	-5.313
[884]	-4.018
[885]	-3.421
[886]	-4.03
[887]	-3.969
[888]	-4.243
[889]	-2.4
[890]	-3.559
[891]	-1.822
[892]	-1.905
[893]	-1.303
[894]	-1.296
[895]	-1.517
[896]	-1.89
[897]	-1.077
[898]	-1.604
[899]	-0.199
[900]	0.218
[901]	-0.674
[902]	-0.454
[903]	-0.005
[904]	1.217
[905]	2.17
[906]	2.052
[907]	1.78
[908]	2.478
[909]	3.154
[910]	2.394
[911]	3.668
[912]	3.12
[913]	4.124
[914]	3.412
[915]	4.364
[916]	3.534
[917]	5.086
[918]	4.678
[919]	4.955
[920]	4.822
[921]	5.545
[922]	4.012
[923]	5.419
[924]	4.696
[925]	4.636
[926]	4.179
[927]	4.508
[928]	3.976
[929]	5.416
[930]	3.826
[931]	5.184
[932]	4.643
[933]	4.355
[934]	4.366
[935]	3.503
[936]	4.627
[937]	2.981
[938]	3.724
[939]	2.626
[940]	3.439
[941]	1.882
[942]	2.134
[943]	2.062
[944]	1.501
[945]	1.766
[946]	2.277
[947]	0.683
[948]	1.092
[949]	0.201
[950]	0.136
[951]	-1.007
[952]	-1.132
[953]	-0.374
[954]	-2.076
[955]	-0.646
[956]	-1.596
[957]	-1.014
[958]	-2.105
[959]	-2.228
[960]	-2.427
[961]	-3.693
[962]	-2.641
[963]	-3.057
[964]	-4.632
[965]	-4.49
[966]	-4.913
[967]	-4.93
[968]	-4.578
[969]	-5.244
[970]	-3.854
[971]	-4.901
[972]	-4.786
[973]	-4.458
[974]	-4.726
[975]	-5.796
[976]	-5.097
[977]	-4.804
[978]	-4.876
[979]	-5.513
[980]	-4.488
[981]	-4.153
[982]	-4.388
[983]	-3.68
[984]	-3.352
[985]	-4.934
[986]	-4.071
[987]	-3.575
[988]	-3.58
[989]	-2.935
[990]	-2.191
[991]	-3.428
[992]	-3.281
[993]	-1.953
[994]	-1.05
[995]	-1.931
[996]	-1.652
[997]	-1.254
[998]	-0.508
[999]	0.278
