[0]	0.0
[1]	0.314
[2]	0.626
[3]	0.936
[4]	1.243
[5]	1.544
[6]	1.84
[7]	2.128
[8]	2.408
[9]	2.678
[10]	2.938
[11]	3.186
[12]	3.421
[13]	3.643
[14]	3.851
[15]	4.044
[16]	4.22
[17]	4.38
[18]	4.523
[19]	4.648
[20]	4.754
[21]	4.842
[22]	4.911
[23]	4.96
[24]	4.99
[25]	5.0
[26]	4.99
[27]	4.961
[28]	4.912
[29]	4.844
[30]	4.757
[31]	4.651
[32]	4.526
[33]	4.384
[34]	4.225
[35]	4.048
[36]	3.856
[37]	3.649
[38]	3.427
[39]	3.192
[40]	2.944
[41]	2.685
[42]	2.415
[43]	2.135
[44]	1.847
[45]	1.552
[46]	1.251
[47]	0.944
[48]	0.634
[49]	0.322
[50]	0.008
[51]	-0.306
[52]	-0.618
[53]	-0.929
[54]	-1.235
[55]	-1.537
[56]	-1.832
[57]	-2.121
[58]	-2.401
[59]	-2.671
[60]	-2.931
[61]	-3.18
[62]	-3.416
[63]	-3.638
[64]	-3.846
[65]	-4.039
[66]	-4.216
[67]	-4.376
[68]	-4.52
[69]	-4.645
[70]	-4.752
[71]	-4.84
[72]	-4.909
[73]	-4.959
[74]	-4.989
[75]	-5.0
[76]	-4.991
[77]	-4.962
[78]	-4.914
[79]	-4.846
[80]	-4.759
[81]	-4.654
[82]	-4.53
[83]	-4.388
[84]	-4.229
[85]	-4.053
[86]	-3.861
[87]	-3.654
[88]	-3.433
[89]	-3.198
[90]	-2.951
[91]	-2.691
[92]	-2.422
[93]	-2.142
[94]	-1.855
[95]	-1.559
[96]	-1.258
[97]	-0.952
[98]	-0.642
[99]	-0.33
[100]	-0.016
[101]	0.298
[102]	0.611
[103]	0.921
[104]	1.227
[105]	1.529
[106]	1.825
[107]	2.113
[108]	2.394
[109]	2.664
[110]	2.925
[111]	3.173
[112]	3.41
[113]	3.632
[114]	3.841
[115]	4.034
[116]	4.212
[117]	4.373
[118]	4.516
[119]	4.642
[120]	4.749
[121]	4.838
[122]	4.908
[123]	4.958
[124]	4.989
[125]	5.0
[126]	4.991
[127]	4.963
[128]	4.915
[129]	4.848
[130]	4.762
[131]	4.657
[132]	4.533
[133]	4.392
[134]	4.233
[135]	4.058
[136]	3.866
[137]	3.66
[138]	3.439
[139]	3.204
[140]	2.957
[141]	2.698
[142]	2.429
[143]	2.149
[144]	1.862
[145]	1.567
[146]	1.266
[147]	0.96
[148]	0.65
[149]	0.338
[150]	0.024
[151]	-0.29
[152]	-0.603
[153]	-0.913
[154]	-1.22
[155]	-1.522
[156]	-1.817
[157]	-2.106
[158]	-2.387
[159]	-2.658
[160]	-2.918
[161]	-3.167
[162]	-3.404
[163]	-3.627
[164]	-3.836
[165]	-4.03
[166]	-4.207
[167]	-4.369
[168]	-4.513
[169]	-4.639
[170]	-4.747
[171]	-4.836
[172]	-4.906
[173]	-4.957
[174]	-4.988
[175]	-5.0
[176]	-4.992
[177]	-4.964
[178]	-4.917
[179]	-4.85
[180]	-4.764
[181]	-4.659
[182]	-4.536
[183]	-4.395
[184]	-4.237
[185]	-4.062
[186]	-3.871
[187]	-3.665
[188]	-3.445
[189]	-3.21
[190]	-2.963
[191]	-2.705
[192]	-2.436
[193]	-2.157
[194]	-1.869
[195]	-1.575
[196]	-1.274
[197]	-0.968
[198]	-0.658
[199]	-0.346
[200]	-0.032
[201]	0.282
[202]	0.595
[203]	0.905
[204]	1.212
[205]	1.514
[206]	1.81
[207]	2.099
[208]	2.38
[209]	2.651
[210]	2.912
[211]	3.161
[212]	3.398
[213]	3.622
[214]	3.831
[215]	4.025
[216]	4.203
[217]	4.365
[218]	4.509
[219]	4.636
[220]	4.744
[221]	4.834
[222]	4.905
[223]	4.956
[224]	4.988
[225]	5.0
[226]	4.992
[227]	4.965
[228]	4.918
[229]	4.852
[230]	4.766
[231]	4.662
[232]	4.54
[233]	4.399
[234]	4.241
[235]	4.067
[236]	3.876
[237]	3.671
[238]	3.45
[239]	3.216
[240]	2.97
[241]	2.711
[242]	2.442
[243]	2.164
[244]	1.877
[245]	1.582
[246]	1.281
[247]	0.976
[248]	0.666
[249]	0.354
[250]	0.04
[251]	-0.274
[252]	-0.587
[253]	-0.897
[254]	-1.204
[255]	-1.506
[256]	-1.803
[257]	-2.092
[258]	-2.373
[259]	-2.644
[260]	-2.905
[261]	-3.155
[262]	-3.392
[263]	-3.616
[264]	-3.826
[265]	-4.02
[266]	-4.199
[267]	-4.361
[268]	-4.506
[269]	-4.633
[270]	-4.742
[271]	-4.832
[272]	-4.903
[273]	-4.955
[274]	-4.987
[275]	-5.0
[276]	-4.993
[277]	-4.966
[278]	-4.92
[279]	-4.854
[280]	-4.769
[281]	-4.665
[282]	-4.543
[283]	-4.403
[284]	-4.246
[285]	-4.072
[286]	-3.881
[287]	-3.676
[288]	-3.456
[289]	-3.222
[290]	-2.976
[291]	-2.718
[292]	-2.449
[293]	-2.171
[294]	-1.884
[295]	-1.59
[296]	-1.289
[297]	-0.983
[298]	-0.674
[299]	-0.361
[300]	-0.048
[301]	0.266
[302]	0.579
[303]	0.889
[304]	1.196
[305]	1.499
[306]	1.795
[307]	2.085
[308]	2.366
[309]	2.637
[310]	2.899
[311]	3.149
[312]	3.386
[313]	3.611
[314]	3.82
[315]	4.015
[316]	4.194
[317]	4.357
[318]	4.502
[319]	4.63
[320]	4.739
[321]	4.83
[322]	4.902
[323]	4.954
[324]	4.987
[325]	5.0
[326]	4.993
[327]	4.967
[328]	4.921
[329]	4.856
[330]	4.771
[331]	4.668
[332]	4.546
[333]	4.407
[334]	4.25
[335]	4.076
[336]	3.886
[337]	3.681
[338]	3.462
[339]	3.229
[340]	2.983
[341]	2.725
[342]	2.456
[343]	2.178
[344]	1.891
[345]	1.597
[346]	1.297
[347]	0.991
[348]	0.682
[349]	0.369
[350]	0.056
[351]	-0.258
[352]	-0.571
[353]	-0.882
[354]	-1.189
[355]	-1.491
[356]	-1.788
[357]	-2.077
[358]	-2.359
[359]	-2.631
[360]	-2.892
[361]	-3.143
[362]	-3.38
[363]	-3.605
[364]	-3.815
[365]	-4.011
[366]	-4.19
[367]	-4.353
[368]	-4.499
[369]	-4.627
[370]	-4.737
[371]	-4.828
[372]	-4.9
[373]	-4.953
[374]	-4.986
[375]	-5.0
[376]	-4.994
[377]	-4.968
[378]	-4.922
[379]	-4.858
[380]	-4.774
[381]	-4.671
[382]	-4.55
[383]	-4.411
[384]	-4.254
[385]	-4.081
[386]	-3.891
[387]	-3.687
[388]	-3.468
[389]	-3.235
[390]	-2.989
[391]	-2.732
[392]	-2.463
[393]	-2.185
[394]	-1.899
[395]	-1.605
[396]	-1.304
[397]	-0.999
[398]	-0.69
[399]	-0.377
[400]	-0.064
[401]	0.25
[402]	0.563
[403]	0.874
[404]	1.181
[405]	1.484
[406]	1.78
[407]	2.07
[408]	2.352
[409]	2.624
[410]	2.886
[411]	3.136
[412]	3.375
[413]	3.6
[414]	3.81
[415]	4.006
[416]	4.186
[417]	4.349
[418]	4.495
[419]	4.624
[420]	4.734
[421]	4.826
[422]	4.898
[423]	4.952
[424]	4.985
[425]	5.0
[426]	4.994
[427]	4.969
[428]	4.924
[429]	4.859
[430]	4.776
[431]	4.674
[432]	4.553
[433]	4.414
[434]	4.258
[435]	4.085
[436]	3.896
[437]	3.692
[438]	3.473
[439]	3.241
[440]	2.995
[441]	2.738
[442]	2.47
[443]	2.193
[444]	1.906
[445]	1.612
[446]	1.312
[447]	1.007
[448]	0.697
[449]	0.385
[450]	0.072
[451]	-0.242
[452]	-0.555
[453]	-0.866
[454]	-1.173
[455]	-1.476
[456]	-1.773
[457]	-2.063
[458]	-2.345
[459]	-2.617
[460]	-2.879
[461]	-3.13
[462]	-3.369
[463]	-3.594
[464]	-3.805
[465]	-4.001
[466]	-4.181
[467]	-4.345
[468]	-4.492
[469]	-4.621
[470]	-4.732
[471]	-4.824
[472]	-4.897
[473]	-4.951
[474]	-4.985
[475]	-4.999
[476]	-4.994
[477]	-4.97
[478]	-4.925
[479]	-4.861
[480]	-4.778
[481]	-4.677
[482]	-4.556
[483]	-4.418
[484]	-4.262
[485]	-4.09
[486]	-3.901
[487]	-3.697
[488]	-3.479
[489]	-3.247
[490]	-3.002
[491]	-2.745
[492]	-2.477
[493]	-2.2
[494]	-1.914
[495]	-1.62
[496]	-1.32
[497]	-1.015
[498]	-0.705
[499]	-0.393
[500]	-0.08
[501]	0.234
[502]	0.547
[503]	0.858
[504]	1.166
[505]	1.468
[506]	1.765
[507]	2.056
[508]	2.338
[509]	2.61
[510]	2.873
[511]	3.124
[512]	3.363
[513]	3.588
[514]	3.8
[515]	3.996
[516]	4.177
[517]	4.341
[518]	4.488
[519]	4.618
[520]	4.729
[521]	4.822
[522]	4.895
[523]	4.949
[524]	4.984
[525]	4.999
[526]	4.995
[527]	4.97
[528]	4.926
[529]	4.863
[530]	4.781
[531]	4.679
[532]	4.56
[533]	4.422
[534]	4.267
[535]	4.095
[536]	3.906
[537]	3.703
[538]	3.485
[539]	3.253
[540]	3.008
[541]	2.751
[542]	2.484
[543]	2.207
[544]	1.921
[545]	1.627
[546]	1.327
[547]	1.022
[548]	0.713
[549]	0.401
[550]	0.088
[551]	-0.226
[552]	-0.539
[553]	-0.85
[554]	-1.158
[555]	-1.461
[556]	-1.758
[557]	-2.048
[558]	-2.331
[559]	-2.604
[560]	-2.866
[561]	-3.118
[562]	-3.357
[563]	-3.583
[564]	-3.795
[565]	-3.992
[566]	-4.173
[567]	-4.337
[568]	-4.485
[569]	-4.615
[570]	-4.726
[571]	-4.82
[572]	-4.894
[573]	-4.948
[574]	-4.984
[575]	-4.999
[576]	-4.995
[577]	-4.971
[578]	-4.928
[579]	-4.865
[580]	-4.783
[581]	-4.682
[582]	-4.563
[583]	-4.426
[584]	-4.271
[585]	-4.099
[586]	-3.911
[587]	-3.708
[588]	-3.49
[589]	-3.259
[590]	-3.014
[591]	-2.758
[592]	-2.491
[593]	-2.214
[594]	-1.928
[595]	-1.635
[596]	-1.335
[597]	-1.03
[598]	-0.721
[599]	-0.409
[600]	-0.096
[601]	0.218
[602]	0.531
[603]	0.842
[604]	1.15
[605]	1.453
[606]	1.751
[607]	2.041
[608]	2.323
[609]	2.597
[610]	2.86
[611]	3.112
[612]	3.351
[613]	3.577
[614]	3.79
[615]	3.987
[616]	4.168
[617]	4.333
[618]	4.481
[619]	4.612
[620]	4.724
[621]	4.817
[622]	4.892
[623]	4.947
[624]	4.983
[625]	4.999
[626]	4.995
[627]	4.972
[628]	4.929
[629]	4.867
[630]	4.785
[631]	4.685
[632]	4.566
[633]	4.429
[634]	4.275
[635]	4.104
[636]	3.916
[637]	3.714
[638]	3.496
[639]	3.265
[640]	3.021
[641]	2.765
[642]	2.498
[643]	2.221
[644]	1.936
[645]	1.642
[646]	1.343
[647]	1.038
[648]	0.729
[649]	0.417
[650]	0.104
[651]	-0.21
[652]	-0.524
[653]	-0.835
[654]	-1.142
[655]	-1.446
[656]	-1.743
[657]	-2.034
[658]	-2.316
[659]	-2.59
[660]	-2.853
[661]	-3.105
[662]	-3.345
[663]	-3.572
[664]	-3.784
[665]	-3.982
[666]	-4.164
[667]	-4.329
[668]	-4.478
[669]	-4.609
[670]	-4.721
[671]	-4.815
[672]	-4.89
[673]	-4.946
[674]	-4.982
[675]	-4.999
[676]	-4.996
[677]	-4.973
[678]	-4.931
[679]	-4.869
[680]	-4.788
[681]	-4.688
[682]	-4.569
[683]	-4.433
[684]	-4.279
[685]	-4.108
[686]	-3.921
[687]	-3.719
[688]	-3.502
[689]	-3.271
[690]	-3.027
[691]	-2.771
[692]	-2.505
[693]	-2.228
[694]	-1.943
[695]	-1.65
[696]	-1.351
[697]	-1.046
[698]	-0.737
[699]	-0.425
[700]	-0.111
[701]	0.202
[702]	0.516
[703]	0.827
[704]	1.135
[705]	1.438
[706]	1.736
[707]	2.026
[708]	2.309
[709]	2.583
[710]	2.847
[711]	3.099
[712]	3.339
[713]	3.566
[714]	3.779
[715]	3.977
[716]	4.159
[717]	4.325
[718]	4.474
[719]	4.606
[720]	4.719
[721]	4.813
[722]	4.889
[723]	4.945
[724]	4.982
[725]	4.999
[726]	4.996
[727]	4.974
[728]	4.932
[729]	4.87
[730]	4.79
[731]	4.69
[732]	4.573
[733]	4.437
[734]	4.283
[735]	4.113
[736]	3.926
[737]	3.724
[738]	3.507
[739]	3.277
[740]	3.033
[741]	2.778
[742]	2.512
[743]	2.235
[744]	1.95
[745]	1.657
[746]	1.358
[747]	1.053
[748]	0.745
[749]	0.433
[750]	0.119
[751]	-0.195
[752]	-0.508
[753]	-0.819
[754]	-1.127
[755]	-1.43
[756]	-1.728
[757]	-2.019
[758]	-2.302
[759]	-2.576
[760]	-2.84
[761]	-3.093
[762]	-3.333
[763]	-3.561
[764]	-3.774
[765]	-3.972
[766]	-4.155
[767]	-4.321
[768]	-4.471
[769]	-4.602
[770]	-4.716
[771]	-4.811
[772]	-4.887
[773]	-4.944
[774]	-4.981
[775]	-4.998
[776]	-4.996
[777]	-4.975
[778]	-4.933
[779]	-4.872
[780]	-4.792
[781]	-4.693
[782]	-4.576
[783]	-4.44
[784]	-4.287
[785]	-4.117
[786]	-3.931
[787]	-3.729
[788]	-3.513
[789]	-3.283
[790]	-3.04
[791]	-2.785
[792]	-2.519
[793]	-2.242
[794]	-1.958
[795]	-1.665
[796]	-1.366
[797]	-1.061
[798]	-0.753
[799]	-0.441
[800]	-0.127
[801]	0.187
[802]	0.5
[803]	0.811
[804]	1.119
[805]	1.423
[806]	1.721
[807]	2.012
[808]	2.295
[809]	2.569
[810]	2.834
[811]	3.087
[812]	3.327
[813]	3.555
[814]	3.769
[815]	3.967
[816]	4.151
[817]	4.317
[818]	4.467
[819]	4.599
[820]	4.713
[821]	4.809
[822]	4.885
[823]	4.942
[824]	4.98
[825]	4.998
[826]	4.997
[827]	4.975
[828]	4.934
[829]	4.874
[830]	4.794
[831]	4.696
[832]	4.579
[833]	4.444
[834]	4.291
[835]	4.122
[836]	3.936
[837]	3.735
[838]	3.519
[839]	3.289
[840]	3.046
[841]	2.791
[842]	2.525
[843]	2.25
[844]	1.965
[845]	1.673
[846]	1.373
[847]	1.069
[848]	0.76
[849]	0.449
[850]	0.135
[851]	-0.179
[852]	-0.492
[853]	-0.803
[854]	-1.111
[855]	-1.415
[856]	-1.713
[857]	-2.005
[858]	-2.288
[859]	-2.563
[860]	-2.827
[861]	-3.08
[862]	-3.321
[863]	-3.549
[864]	-3.763
[865]	-3.963
[866]	-4.146
[867]	-4.313
[868]	-4.464
[869]	-4.596
[870]	-4.711
[871]	-4.807
[872]	-4.884
[873]	-4.941
[874]	-4.979
[875]	-4.998
[876]	-4.997
[877]	-4.976
[878]	-4.936
[879]	-4.876
[880]	-4.797
[881]	-4.699
[882]	-4.582
[883]	-4.448
[884]	-4.295
[885]	-4.126
[886]	-3.941
[887]	-3.74
[888]	-3.524
[889]	-3.295
[890]	-3.052
[891]	-2.798
[892]	-2.532
[893]	-2.257
[894]	-1.972
[895]	-1.68
[896]	-1.381
[897]	-1.077
[898]	-0.768
[899]	-0.457
[900]	-0.143
[901]	0.171
[902]	0.484
[903]	0.795
[904]	1.104
[905]	1.407
[906]	1.706
[907]	1.997
[908]	2.281
[909]	2.556
[910]	2.82
[911]	3.074
[912]	3.315
[913]	3.544
[914]	3.758
[915]	3.958
[916]	4.142
[917]	4.309
[918]	4.46
[919]	4.593
[920]	4.708
[921]	4.804
[922]	4.882
[923]	4.94
[924]	4.979
[925]	4.998
[926]	4.997
[927]	4.977
[928]	4.937
[929]	4.878
[930]	4.799
[931]	4.701
[932]	4.585
[933]	4.451
[934]	4.299
[935]	4.131
[936]	3.946
[937]	3.745
[938]	3.53
[939]	3.301
[940]	3.059
[941]	2.804
[942]	2.539
[943]	2.264
[944]	1.98
[945]	1.688
[946]	1.389
[947]	1.085
[948]	0.776
[949]	0.465
[950]	0.151
[951]	-0.163
[952]	-0.476
[953]	-0.787
[954]	-1.096
[955]	-1.4
[956]	-1.698
[957]	-1.99
[958]	-2.274
[959]	-2.549
[960]	-2.814
[961]	-3.068
[962]	-3.309
[963]	-3.538
[964]	-3.753
[965]	-3.953
[966]	-4.137
[967]	-4.305
[968]	-4.456
[969]	-4.59
[970]	-4.705
[971]	-4.802
[972]	-4.88
[973]	-4.939
[974]	-4.978
[975]	-4.998
[976]	-4.997
[977]	-4.978
[978]	-4.938
[979]	-4.879
[980]	-4.801
[981]	-4.704
[982]	-4.589
[983]	-4.455
[984]	-4.304
[985]	-4.135
[986]	-3.951
[987]	-3.751
[988]	-3.536
[989]	-3.307
[990]	-3.065
[991]	-2.811
[992]	-2.546
[993]	-2.271
[994]	-1.987
[995]	-1.695
[996]	-1.396
[997]	-1.092
[998]	-0.784
[999]	-0.473
