[0]	0.35
[1]	0.32
[2]	0.592
[3]	0.503
[4]	0.973
[5]	1.8
[6]	2.088
[7]	2.352
[8]	2.866
[9]	2.462
[10]	2.815
[11]	2.916
[12]	3.135
[13]	3.467
[14]	4.133
[15]	3.557
[16]	3.756
[17]	4.547
[18]	4.122
[19]	4.614
[20]	5.117
[21]	5.063
[22]	4.445
[23]	4.624
[24]	5.12
[25]	5.242
[26]	5.117
[27]	5.243
[28]	4.7
[29]	5.11
[30]	4.515
[31]	4.447
[32]	4.859
[33]	4.19
[34]	4.351
[35]	3.776
[36]	3.442
[37]	3.525
[38]	3.787
[39]	3.648
[40]	2.62
[41]	2.876
[42]	2.101
[43]	2.541
[44]	1.495
[45]	1.1
[46]	1.385
[47]	0.904
[48]	0.398
[49]	0.718
[50]	-0.187
[51]	-0.265
[52]	-0.963
[53]	-1.389
[54]	-0.777
[55]	-1.245
[56]	-2.299
[57]	-1.977
[58]	-2.422
[59]	-2.547
[60]	-2.811
[61]	-3.085
[62]	-3.402
[63]	-3.722
[64]	-4.17
[65]	-4.518
[66]	-4.452
[67]	-4.377
[68]	-4.978
[69]	-5.006
[70]	-4.717
[71]	-4.853
[72]	-4.935
[73]	-4.491
[74]	-4.966
[75]	-4.544
[76]	-4.579
[77]	-5.246
[78]	-4.552
[79]	-4.487
[80]	-5.053
[81]	-4.783
[82]	-4.683
[83]	-4.513
[84]	-3.789
[85]	-4.524
[86]	-3.921
[87]	-3.686
[88]	-3.631
[89]	-3.333
[90]	-2.879
[91]	-2.541
[92]	-2.211
[93]	-2.059
[94]	-2.05
[95]	-1.567
[96]	-0.762
[97]	-1.416
[98]	-0.846
[99]	-0.561
[100]	-0.336
[101]	0.466
[102]	1.081
[103]	1.1
[104]	0.787
[105]	1.487
[106]	2.202
[107]	1.934
[108]	2.448
[109]	2.624
[110]	2.737
[111]	3.34
[112]	3.209
[113]	3.92
[114]	3.505
[115]	3.612
[116]	4.39
[117]	3.933
[118]	4.38
[119]	4.708
[120]	4.3
[121]	5.162
[122]	4.625
[123]	4.505
[124]	4.911
[125]	4.648
[126]	5.261
[127]	5.414
[128]	4.68
[129]	4.42
[130]	4.805
[131]	4.798
[132]	4.25
[133]	4.099
[134]	4.459
[135]	4.545
[136]	3.458
[137]	3.451
[138]	2.983
[139]	3.066
[140]	3.213
[141]	2.373
[142]	2.276
[143]	2.503
[144]	1.404
[145]	1.483
[146]	1.726
[147]	0.645
[148]	0.447
[149]	-0.122
[150]	0.065
[151]	0.142
[152]	-0.92
[153]	-1.169
[154]	-1.618
[155]	-1.361
[156]	-2.103
[157]	-2.547
[158]	-2.126
[159]	-2.624
[160]	-2.544
[161]	-2.861
[162]	-3.223
[163]	-3.457
[164]	-3.54
[165]	-3.913
[166]	-3.936
[167]	-3.916
[168]	-4.392
[169]	-4.978
[170]	-4.582
[171]	-4.726
[172]	-4.829
[173]	-4.798
[174]	-5.463
[175]	-4.892
[176]	-4.919
[177]	-5.404
[178]	-4.946
[179]	-4.899
[180]	-5.208
[181]	-5.014
[182]	-4.749
[183]	-4.257
[184]	-3.902
[185]	-4.316
[186]	-4.357
[187]	-3.27
[188]	-3.698
[189]	-2.739
[190]	-2.854
[191]	-2.965
[192]	-1.957
[193]	-1.809
[194]	-1.75
[195]	-1.188
[196]	-0.968
[197]	-1.233
[198]	-0.58
[199]	-0.738
[200]	0.042
[201]	0.434
[202]	0.129
[203]	1.092
[204]	1.456
[205]	1.751
[206]	1.508
[207]	2.341
[208]	2.661
[209]	2.483
[210]	2.764
[211]	3.497
[212]	3.618
[213]	3.761
[214]	3.465
[215]	4.23
[216]	4.245
[217]	4.777
[218]	4.029
[219]	4.729
[220]	5.206
[221]	4.962
[222]	4.563
[223]	4.89
[224]	4.499
[225]	4.563
[226]	5.383
[227]	5.22
[228]	4.77
[229]	4.564
[230]	4.965
[231]	5.157
[232]	4.427
[233]	4.884
[234]	4.673
[235]	4.381
[236]	3.709
[237]	3.627
[238]	3.552
[239]	3.375
[240]	2.734
[241]	2.526
[242]	2.83
[243]	2.286
[244]	1.454
[245]	1.563
[246]	1.161
[247]	1.361
[248]	0.795
[249]	-0.081
[250]	0.263
[251]	-0.705
[252]	-0.279
[253]	-0.801
[254]	-1.256
[255]	-1.763
[256]	-1.609
[257]	-1.845
[258]	-2.348
[259]	-3.054
[260]	-3.231
[261]	-3.599
[262]	-3.744
[263]	-3.217
[264]	-4.179
[265]	-4.388
[266]	-3.874
[267]	-4.702
[268]	-4.226
[269]	-4.811
[270]	-4.556
[271]	-4.46
[272]	-4.766
[273]	-4.52
[274]	-5.06
[275]	-4.914
[276]	-5.208
[277]	-5.02
[278]	-4.478
[279]	-4.931
[280]	-4.522
[281]	-4.883
[282]	-4.489
[283]	-4.451
[284]	-4.099
[285]	-4.208
[286]	-3.546
[287]	-3.777
[288]	-3.888
[289]	-2.764
[290]	-2.827
[291]	-2.717
[292]	-2.552
[293]	-1.954
[294]	-2.161
[295]	-1.89
[296]	-1.371
[297]	-0.739
[298]	-0.639
[299]	-0.378
[300]	0.221
[301]	0.265
[302]	0.78
[303]	0.95
[304]	1.111
[305]	1.133
[306]	1.681
[307]	2.005
[308]	2.017
[309]	2.756
[310]	2.926
[311]	3.331
[312]	3.864
[313]	3.249
[314]	4.082
[315]	4.24
[316]	4.484
[317]	4.813
[318]	4.83
[319]	4.597
[320]	4.645
[321]	4.781
[322]	5.371
[323]	5.414
[324]	4.801
[325]	4.527
[326]	5.192
[327]	4.965
[328]	4.434
[329]	4.518
[330]	5.043
[331]	5.091
[332]	4.735
[333]	3.949
[334]	4.571
[335]	3.725
[336]	3.641
[337]	3.286
[338]	3.717
[339]	2.993
[340]	3.457
[341]	2.606
[342]	2.03
[343]	1.79
[344]	1.607
[345]	2.042
[346]	0.993
[347]	1.374
[348]	0.908
[349]	0.817
[350]	0.1
[351]	-0.536
[352]	-0.32
[353]	-0.904
[354]	-1.059
[355]	-1.819
[356]	-1.708
[357]	-2.349
[358]	-2.364
[359]	-2.296
[360]	-3.348
[361]	-3.442
[362]	-3.379
[363]	-3.438
[364]	-3.512
[365]	-4.097
[366]	-4.052
[367]	-4.386
[368]	-4.446
[369]	-5.021
[370]	-5.222
[371]	-4.673
[372]	-5.119
[373]	-4.764
[374]	-4.663
[375]	-4.548
[376]	-4.592
[377]	-5.111
[378]	-4.795
[379]	-4.841
[380]	-4.554
[381]	-5.104
[382]	-4.48
[383]	-3.917
[384]	-4.571
[385]	-3.785
[386]	-3.878
[387]	-3.819
[388]	-3.292
[389]	-3.175
[390]	-2.61
[391]	-2.56
[392]	-2.574
[393]	-1.739
[394]	-1.85
[395]	-1.858
[396]	-1.238
[397]	-1.47
[398]	-0.463
[399]	-0.181
[400]	-0.372
[401]	0.199
[402]	0.686
[403]	0.962
[404]	1.081
[405]	1.633
[406]	2.253
[407]	1.655
[408]	2.264
[409]	2.625
[410]	3.11
[411]	2.811
[412]	2.878
[413]	4.021
[414]	3.566
[415]	4.262
[416]	3.794
[417]	4.793
[418]	4.911
[419]	4.445
[420]	4.997
[421]	5.262
[422]	4.856
[423]	4.749
[424]	5.296
[425]	5.117
[426]	5.404
[427]	5.361
[428]	4.722
[429]	5.234
[430]	4.889
[431]	4.649
[432]	4.545
[433]	4.145
[434]	3.833
[435]	3.726
[436]	4.345
[437]	4.015
[438]	3.237
[439]	3.386
[440]	2.517
[441]	2.739
[442]	2.673
[443]	2.463
[444]	2.308
[445]	1.532
[446]	1.721
[447]	1.298
[448]	1.032
[449]	0.031
[450]	0.439
[451]	-0.491
[452]	-0.391
[453]	-0.5
[454]	-1.654
[455]	-1.343
[456]	-2.243
[457]	-2.251
[458]	-1.997
[459]	-2.94
[460]	-2.915
[461]	-2.712
[462]	-3.835
[463]	-3.467
[464]	-4.204
[465]	-4.167
[466]	-4.584
[467]	-4.637
[468]	-4.75
[469]	-4.139
[470]	-4.683
[471]	-4.763
[472]	-4.996
[473]	-5.353
[474]	-4.692
[475]	-4.803
[476]	-5.224
[477]	-4.501
[478]	-4.551
[479]	-5.153
[480]	-4.578
[481]	-5.053
[482]	-4.617
[483]	-4.433
[484]	-4.194
[485]	-4.174
[486]	-3.965
[487]	-3.427
[488]	-3.673
[489]	-3.03
[490]	-2.837
[491]	-2.888
[492]	-2.628
[493]	-1.961
[494]	-1.744
[495]	-1.349
[496]	-1.603
[497]	-1.462
[498]	-1.096
[499]	-0.666
[500]	0.018
[501]	0.073
[502]	0.946
[503]	0.882
[504]	1.048
[505]	1.81
[506]	1.526
[507]	1.927
[508]	2.483
[509]	3.009
[510]	2.444
[511]	3.386
[512]	3.129
[513]	3.467
[514]	4.06
[515]	3.771
[516]	4.461
[517]	3.959
[518]	4.147
[519]	4.172
[520]	4.369
[521]	4.706
[522]	5.172
[523]	5.414
[524]	5.211
[525]	5.39
[526]	4.598
[527]	5.197
[528]	5.162
[529]	4.991
[530]	5.124
[531]	5.11
[532]	4.646
[533]	4.034
[534]	4.755
[535]	4.215
[536]	4.256
[537]	3.892
[538]	3.477
[539]	3.291
[540]	3.507
[541]	2.634
[542]	2.37
[543]	2.416
[544]	1.476
[545]	1.99
[546]	1.319
[547]	0.698
[548]	0.629
[549]	0.439
[550]	-0.221
[551]	0.045
[552]	-1.035
[553]	-0.699
[554]	-1.603
[555]	-1.076
[556]	-1.293
[557]	-1.642
[558]	-1.907
[559]	-2.2
[560]	-2.898
[561]	-2.789
[562]	-3.033
[563]	-3.277
[564]	-3.584
[565]	-3.919
[566]	-4.317
[567]	-3.975
[568]	-4.945
[569]	-5.018
[570]	-4.863
[571]	-4.788
[572]	-4.836
[573]	-5.264
[574]	-5.467
[575]	-4.695
[576]	-4.958
[577]	-4.871
[578]	-5.399
[579]	-4.942
[580]	-4.871
[581]	-4.64
[582]	-4.285
[583]	-4.119
[584]	-4.131
[585]	-4.372
[586]	-3.802
[587]	-3.866
[588]	-3.061
[589]	-3.248
[590]	-2.776
[591]	-3.068
[592]	-2.266
[593]	-2.257
[594]	-1.873
[595]	-1.307
[596]	-1.471
[597]	-0.789
[598]	-0.862
[599]	-0.147
[600]	0.207
[601]	0.063
[602]	0.172
[603]	0.428
[604]	1.032
[605]	1.41
[606]	1.765
[607]	1.897
[608]	2.228
[609]	2.539
[610]	2.731
[611]	3.443
[612]	3.505
[613]	3.096
[614]	3.357
[615]	4.308
[616]	4.661
[617]	4.451
[618]	4.761
[619]	5.067
[620]	4.259
[621]	4.827
[622]	4.873
[623]	4.662
[624]	4.714
[625]	5.172
[626]	4.993
[627]	4.508
[628]	5.399
[629]	5.047
[630]	5.219
[631]	5.129
[632]	4.485
[633]	4.398
[634]	4.175
[635]	3.905
[636]	4.011
[637]	3.612
[638]	3.177
[639]	3.761
[640]	2.942
[641]	2.661
[642]	2.448
[643]	1.778
[644]	1.633
[645]	1.59
[646]	1.211
[647]	0.668
[648]	0.586
[649]	0.095
[650]	0.162
[651]	-0.074
[652]	-0.275
[653]	-0.785
[654]	-1.616
[655]	-1.06
[656]	-2.112
[657]	-1.536
[658]	-2.521
[659]	-2.866
[660]	-3.134
[661]	-3.165
[662]	-3.693
[663]	-3.587
[664]	-3.554
[665]	-3.96
[666]	-3.819
[667]	-4.5
[668]	-4.949
[669]	-4.548
[670]	-5.105
[671]	-5.156
[672]	-4.585
[673]	-4.652
[674]	-5.085
[675]	-4.994
[676]	-5.188
[677]	-5.317
[678]	-4.657
[679]	-5.1
[680]	-4.565
[681]	-4.2
[682]	-4.162
[683]	-4.482
[684]	-3.973
[685]	-4.027
[686]	-4.226
[687]	-3.751
[688]	-3.691
[689]	-2.867
[690]	-3.056
[691]	-2.584
[692]	-2.438
[693]	-2.72
[694]	-2.191
[695]	-1.956
[696]	-1.134
[697]	-1.387
[698]	-0.783
[699]	-0.776
[700]	-0.142
[701]	-0.023
[702]	0.514
[703]	1.147
[704]	1.089
[705]	1.098
[706]	1.76
[707]	1.59
[708]	2.188
[709]	2.882
[710]	2.719
[711]	3.194
[712]	3.815
[713]	3.606
[714]	3.427
[715]	3.484
[716]	4.436
[717]	4.059
[718]	4.203
[719]	4.703
[720]	5.016
[721]	4.556
[722]	4.821
[723]	4.905
[724]	4.962
[725]	4.798
[726]	4.567
[727]	4.825
[728]	5.38
[729]	4.913
[730]	4.481
[731]	4.383
[732]	4.749
[733]	4.493
[734]	4.615
[735]	4.002
[736]	3.948
[737]	4.129
[738]	3.106
[739]	2.911
[740]	3.267
[741]	3.088
[742]	2.636
[743]	1.833
[744]	1.633
[745]	2.053
[746]	1.659
[747]	1.239
[748]	0.644
[749]	0.79
[750]	-0.141
[751]	-0.581
[752]	-0.284
[753]	-1.2
[754]	-0.635
[755]	-1.598
[756]	-2.046
[757]	-1.521
[758]	-2.564
[759]	-2.52
[760]	-3.303
[761]	-2.884
[762]	-3.175
[763]	-3.663
[764]	-3.674
[765]	-4.046
[766]	-3.981
[767]	-4.478
[768]	-4.899
[769]	-4.319
[770]	-4.512
[771]	-4.759
[772]	-4.866
[773]	-5.059
[774]	-5.223
[775]	-4.884
[776]	-5.132
[777]	-4.81
[778]	-4.461
[779]	-4.892
[780]	-4.382
[781]	-5.145
[782]	-4.551
[783]	-4.577
[784]	-4.766
[785]	-3.884
[786]	-3.518
[787]	-4.183
[788]	-3.212
[789]	-3.476
[790]	-3.275
[791]	-2.339
[792]	-2.273
[793]	-2.317
[794]	-1.73
[795]	-1.313
[796]	-0.972
[797]	-0.841
[798]	-0.884
[799]	-0.781
[800]	0.073
[801]	0.166
[802]	0.513
[803]	0.911
[804]	1.553
[805]	1.535
[806]	1.927
[807]	2.364
[808]	1.991
[809]	2.603
[810]	2.808
[811]	3.124
[812]	2.894
[813]	3.217
[814]	3.653
[815]	4.376
[816]	4.345
[817]	4.776
[818]	4.001
[819]	4.801
[820]	4.547
[821]	5.001
[822]	4.454
[823]	5.09
[824]	5.012
[825]	5.057
[826]	5.234
[827]	4.532
[828]	5.08
[829]	4.781
[830]	4.835
[831]	5.069
[832]	4.372
[833]	4.648
[834]	4.355
[835]	4.547
[836]	4.353
[837]	3.589
[838]	3.701
[839]	3.513
[840]	2.688
[841]	2.977
[842]	2.313
[843]	2.148
[844]	1.537
[845]	1.412
[846]	1.404
[847]	1.427
[848]	0.405
[849]	0.557
[850]	0.408
[851]	-0.591
[852]	-0.801
[853]	-0.723
[854]	-0.723
[855]	-1.208
[856]	-2.089
[857]	-1.585
[858]	-2.52
[859]	-2.437
[860]	-3.105
[861]	-3.394
[862]	-3.177
[863]	-3.868
[864]	-3.978
[865]	-3.571
[866]	-3.65
[867]	-4.164
[868]	-4.176
[869]	-4.908
[870]	-4.789
[871]	-4.918
[872]	-4.751
[873]	-5.009
[874]	-4.939
[875]	-4.742
[876]	-4.985
[877]	-4.603
[878]	-4.568
[879]	-5.124
[880]	-5.064
[881]	-4.911
[882]	-4.957
[883]	-4.559
[884]	-4.341
[885]	-3.938
[886]	-4.4
[887]	-3.611
[888]	-3.618
[889]	-2.846
[890]	-3.174
[891]	-2.651
[892]	-2.925
[893]	-2.59
[894]	-1.702
[895]	-1.202
[896]	-1.174
[897]	-0.927
[898]	-1.196
[899]	-0.5
[900]	-0.56
[901]	0.538
[902]	0.631
[903]	0.98
[904]	0.63
[905]	1.158
[906]	1.96
[907]	1.829
[908]	1.84
[909]	2.594
[910]	3.293
[911]	2.714
[912]	3.109
[913]	3.83
[914]	4.021
[915]	3.542
[916]	4.234
[917]	4.334
[918]	4.736
[919]	4.328
[920]	4.263
[921]	4.857
[922]	4.98
[923]	4.901
[924]	5.081
[925]	5.318
[926]	5.221
[927]	4.904
[928]	4.645
[929]	4.608
[930]	4.88
[931]	5.061
[932]	4.133
[933]	4.617
[934]	4.668
[935]	3.857
[936]	3.463
[937]	4.004
[938]	3.585
[939]	2.961
[940]	2.758
[941]	2.369
[942]	2.851
[943]	2.426
[944]	2.27
[945]	1.721
[946]	1.127
[947]	1.058
[948]	0.563
[949]	0.215
[950]	0.026
[951]	0.208
[952]	-0.486
[953]	-0.422
[954]	-1.117
[955]	-1.206
[956]	-1.693
[957]	-1.5
[958]	-1.918
[959]	-2.863
[960]	-3.034
[961]	-2.579
[962]	-3.647
[963]	-3.824
[964]	-3.622
[965]	-3.595
[966]	-4.066
[967]	-4.015
[968]	-3.963
[969]	-5.015
[970]	-4.579
[971]	-4.852
[972]	-4.5
[973]	-5.111
[974]	-5.059
[975]	-4.929
[976]	-4.716
[977]	-5.044
[978]	-4.728
[979]	-5.319
[980]	-5.194
[981]	-4.713
[982]	-4.769
[983]	-4.486
[984]	-4.325
[985]	-4.196
[986]	-4.254
[987]	-4.072
[988]	-3.932
[989]	-3.39
[990]	-3.433
[991]	-2.425
[992]	-2.536
[993]	-2.332
[994]	-2.023
[995]	-1.948
[996]	-1.867
[997]	-1.273
[998]	-0.723
[999]	-0.654
