[0]	-6
[1]	9
[2]	12
[3]	31
[4]	44
[5]	45
[6]	54
[7]	42
[8]	60
[9]	64
[10]	87
[11]	81
[12]	83
[13]	96
[14]	105
[15]	102
[16]	99
[17]	100
[18]	107
[19]	126
[20]	124
[21]	127
[22]	127
[23]	127
[24]	123
[25]	127
[26]	127
[27]	121
[28]	113
[29]	122
[30]	120
[31]	127
[32]	115
[33]	113
[34]	116
[35]	114
[36]	111
[37]	92
[38]	83
[39]	76
[40]	63
[41]	74
[42]	73
[43]	49
[44]	35
[45]	46
[46]	20
[47]	22
[48]	10
[49]	2
[50]	11
[51]	-9
[52]	-23
[53]	-13
[54]	-31
[55]	-46
[56]	-36
[57]	-43
[58]	-55
[59]	-75
[60]	-84
[61]	-71
[62]	-96
[63]	-100
[64]	-94
[65]	-92
[66]	-107
[67]	-102
[68]	-105
[69]	-122
[70]	-123
[71]	-121
[72]	-128
[73]	-123
[74]	-117
[75]	-122
[76]	-128
[77]	-128
[78]	-125
[79]	-119
[80]	-112
[81]	-121
[82]	-126
[83]	-114
[84]	-104
[85]	-99
[86]	-89
[87]	-104
[88]	-91
[89]	-74
[90]	-72
[91]	-72
[92]	-66
[93]	-62
[94]	-56
[95]	-32
[96]	-43
[97]	-23
[98]	-17
[99]	-6
[100]	-4
[101]	12
[102]	28
[103]	25
[104]	33
[105]	40
[106]	58
[107]	53
[108]	60
[109]	76
[110]	83
[111]	81
[112]	81
[113]	102
[114]	99
[115]	116
[116]	109
[117]	106
[118]	106
[119]	114
[120]	114
[121]	126
[122]	127
[123]	127
[124]	124
[125]	120
[126]	127
[127]	127
[128]	116
[129]	127
[130]	126
[131]	127
[132]	112
[133]	118
[134]	108
[135]	108
[136]	111
[137]	103
[138]	86
[139]	72
[140]	73
[141]	63
[142]	53
[143]	48
[144]	50
[145]	50
[146]	20
[147]	27
[148]	6
[149]	1
[150]	1
[151]	4
[152]	-4
[153]	-31
[154]	-27
[155]	-50
[156]	-47
[157]	-55
[158]	-55
[159]	-64
[160]	-82
[161]	-75
[162]	-95
[163]	-105
[164]	-108
[165]	-109
[166]	-118
[167]	-110
[168]	-104
[169]	-123
[170]	-110
[171]	-123
[172]	-128
[173]	-119
[174]	-128
[175]	-128
[176]	-128
[177]	-121
[178]	-122
[179]	-128
[180]	-128
[181]	-126
[182]	-122
[183]	-102
[184]	-112
[185]	-110
[186]	-98
[187]	-106
[188]	-82
[189]	-94
[190]	-70
[191]	-68
[192]	-69
[193]	-63
[194]	-37
[195]	-37
[196]	-21
[197]	-21
[198]	-5
[199]	-9
[200]	9
[201]	-4
[202]	20
[203]	26
[204]	37
[205]	51
[206]	34
[207]	65
[208]	73
[209]	66
[210]	68
[211]	92
[212]	80
[213]	91
[214]	88
[215]	104
[216]	119
[217]	116
[218]	127
[219]	113
[220]	114
[221]	111
[222]	122
[223]	127
[224]	127
[225]	127
[226]	127
[227]	121
[228]	125
[229]	118
[230]	116
[231]	123
[232]	104
[233]	122
[234]	106
[235]	113
[236]	92
[237]	83
[238]	90
[239]	75
[240]	86
[241]	73
[242]	61
[243]	67
[244]	56
[245]	35
[246]	32
[247]	18
[248]	14
[249]	14
[250]	6
[251]	-19
[252]	-27
[253]	-13
[254]	-20
[255]	-46
[256]	-38
[257]	-61
[258]	-60
[259]	-79
[260]	-66
[261]	-90
[262]	-89
[263]	-104
[264]	-111
[265]	-103
[266]	-116
[267]	-116
[268]	-124
[269]	-110
[270]	-111
[271]	-114
[272]	-123
[273]	-128
[274]	-128
[275]	-123
[276]	-122
[277]	-128
[278]	-114
[279]	-112
[280]	-111
[281]	-119
[282]	-126
[283]	-119
[284]	-112
[285]	-94
[286]	-93
[287]	-106
[288]	-81
[289]	-85
[290]	-75
[291]	-64
[292]	-69
[293]	-58
[294]	-54
[295]	-42
[296]	-26
[297]	-29
[298]	-14
[299]	-1
[300]	-10
[301]	0
[302]	26
[303]	28
[304]	39
[305]	31
[306]	37
[307]	45
[308]	59
[309]	72
[310]	85
[311]	83
[312]	85
[313]	89
[314]	110
[315]	100
[316]	98
[317]	113
[318]	126
[319]	107
[320]	115
[321]	127
[322]	123
[323]	127
[324]	127
[325]	126
[326]	122
[327]	118
[328]	123
[329]	127
[330]	124
[331]	107
[332]	119
[333]	114
[334]	115
[335]	102
[336]	102
[337]	95
[338]	76
[339]	80
[340]	78
[341]	70
[342]	69
[343]	58
[344]	56
[345]	37
[346]	45
[347]	26
[348]	17
[349]	19
[350]	5
[351]	-2
[352]	-3
[353]	-25
[354]	-43
[355]	-40
[356]	-45
[357]	-42
[358]	-62
[359]	-58
[360]	-86
[361]	-72
[362]	-79
[363]	-84
[364]	-89
[365]	-97
[366]	-117
[367]	-116
[368]	-124
[369]	-110
[370]	-128
[371]	-128
[372]	-128
[373]	-125
[374]	-128
[375]	-128
[376]	-117
[377]	-128
[378]	-116
[379]	-121
[380]	-117
[381]	-127
[382]	-124
[383]	-116
[384]	-103
[385]	-97
[386]	-99
[387]	-107
[388]	-88
[389]	-82
[390]	-87
[391]	-76
[392]	-69
[393]	-59
[394]	-45
[395]	-48
[396]	-42
[397]	-15
[398]	-17
[399]	-3
[400]	4
[401]	-1
[402]	4
[403]	34
[404]	33
[405]	49
[406]	45
[407]	46
[408]	66
[409]	69
[410]	73
[411]	78
[412]	75
[413]	96
[414]	101
[415]	108
[416]	104
[417]	122
[418]	119
[419]	125
[420]	122
[421]	127
[422]	125
[423]	127
[424]	127
[425]	127
[426]	120
[427]	115
[428]	119
[429]	127
[430]	111
[431]	117
[432]	123
[433]	103
[434]	102
[435]	94
[436]	107
[437]	107
[438]	87
[439]	87
[440]	85
[441]	58
[442]	67
[443]	62
[444]	60
[445]	39
[446]	44
[447]	19
[448]	27
[449]	4
[450]	3
[451]	-12
[452]	-14
[453]	-33
[454]	-31
[455]	-29
[456]	-58
[457]	-51
[458]	-60
[459]	-59
[460]	-77
[461]	-93
[462]	-86
[463]	-99
[464]	-103
[465]	-93
[466]	-96
[467]	-112
[468]	-127
[469]	-122
[470]	-125
[471]	-117
[472]	-128
[473]	-128
[474]	-128
[475]	-120
[476]	-128
[477]	-128
[478]	-128
[479]	-122
[480]	-117
[481]	-125
[482]	-123
[483]	-117
[484]	-100
[485]	-101
[486]	-88
[487]	-103
[488]	-96
[489]	-78
[490]	-80
[491]	-73
[492]	-63
[493]	-63
[494]	-37
[495]	-51
[496]	-31
[497]	-15
[498]	-6
[499]	-2
[500]	-8
[501]	2
[502]	11
[503]	28
[504]	30
[505]	26
[506]	39
[507]	53
[508]	51
[509]	58
[510]	86
[511]	69
[512]	74
[513]	90
[514]	97
[515]	96
[516]	101
[517]	108
[518]	106
[519]	111
[520]	127
[521]	127
[522]	127
[523]	127
[524]	120
[525]	127
[526]	127
[527]	127
[528]	126
[529]	118
[530]	113
[531]	125
[532]	108
[533]	123
[534]	106
[535]	99
[536]	93
[537]	101
[538]	93
[539]	73
[540]	88
[541]	63
[542]	59
[543]	67
[544]	46
[545]	41
[546]	24
[547]	37
[548]	23
[549]	-3
[550]	-10
[551]	-6
[552]	-2
[553]	-26
[554]	-21
[555]	-48
[556]	-52
[557]	-41
[558]	-55
[559]	-56
[560]	-82
[561]	-67
[562]	-87
[563]	-94
[564]	-95
[565]	-95
[566]	-112
[567]	-124
[568]	-122
[569]	-128
[570]	-127
[571]	-128
[572]	-117
[573]	-128
[574]	-116
[575]	-120
[576]	-128
[577]	-128
[578]	-115
[579]	-127
[580]	-118
[581]	-125
[582]	-119
[583]	-114
[584]	-118
[585]	-116
[586]	-113
[587]	-99
[588]	-84
[589]	-82
[590]	-85
[591]	-64
[592]	-52
[593]	-68
[594]	-45
[595]	-42
[596]	-30
[597]	-26
[598]	-29
[599]	-15
[600]	1
[601]	-5
[602]	8
[603]	30
[604]	28
[605]	33
[606]	38
[607]	52
[608]	64
[609]	56
[610]	86
[611]	77
[612]	74
[613]	88
[614]	107
[615]	111
[616]	96
[617]	110
[618]	115
[619]	107
[620]	127
[621]	127
[622]	123
[623]	119
[624]	127
[625]	127
[626]	118
[627]	127
[628]	127
[629]	114
[630]	127
[631]	116
[632]	104
[633]	113
[634]	102
[635]	103
[636]	91
[637]	106
[638]	93
[639]	85
[640]	78
[641]	81
[642]	73
[643]	57
[644]	39
[645]	43
[646]	31
[647]	27
[648]	7
[649]	12
[650]	-2
[651]	-13
[652]	-6
[653]	-10
[654]	-19
[655]	-39
[656]	-53
[657]	-40
[658]	-56
[659]	-58
[660]	-84
[661]	-78
[662]	-77
[663]	-90
[664]	-108
[665]	-99
[666]	-94
[667]	-101
[668]	-105
[669]	-128
[670]	-128
[671]	-114
[672]	-128
[673]	-115
[674]	-128
[675]	-128
[676]	-128
[677]	-118
[678]	-115
[679]	-128
[680]	-128
[681]	-111
[682]	-126
[683]	-104
[684]	-113
[685]	-116
[686]	-103
[687]	-108
[688]	-99
[689]	-92
[690]	-74
[691]	-61
[692]	-77
[693]	-69
[694]	-51
[695]	-33
[696]	-25
[697]	-25
[698]	-26
[699]	-12
[700]	-1
[701]	1
[702]	11
[703]	16
[704]	32
[705]	42
[706]	56
[707]	57
[708]	47
[709]	66
[710]	76
[711]	79
[712]	80
[713]	86
[714]	104
[715]	95
[716]	114
[717]	98
[718]	114
[719]	115
[720]	120
[721]	112
[722]	114
[723]	120
[724]	127
[725]	126
[726]	116
[727]	127
[728]	116
[729]	127
[730]	115
[731]	109
[732]	124
[733]	119
[734]	112
[735]	112
[736]	113
[737]	88
[738]	95
[739]	78
[740]	83
[741]	65
[742]	71
[743]	62
[744]	61
[745]	52
[746]	45
[747]	19
[748]	13
[749]	0
[750]	-2
[751]	0
[752]	-17
[753]	-17
[754]	-39
[755]	-42
[756]	-50
[757]	-52
[758]	-64
[759]	-68
[760]	-76
[761]	-70
[762]	-94
[763]	-101
[764]	-85
[765]	-100
[766]	-105
[767]	-103
[768]	-116
[769]	-121
[770]	-110
[771]	-113
[772]	-128
[773]	-128
[774]	-126
[775]	-122
[776]	-128
[777]	-128
[778]	-124
[779]	-128
[780]	-128
[781]	-112
[782]	-122
[783]	-102
[784]	-123
[785]	-106
[786]	-102
[787]	-85
[788]	-100
[789]	-89
[790]	-71
[791]	-73
[792]	-73
[793]	-58
[794]	-57
[795]	-39
[796]	-35
[797]	-26
[798]	-28
[799]	-17
[800]	4
[801]	2
[802]	20
[803]	9
[804]	37
[805]	36
[806]	37
[807]	49
[808]	58
[809]	77
[810]	74
[811]	74
[812]	96
[813]	88
[814]	103
[815]	95
[816]	94
[817]	103
[818]	120
[819]	127
[820]	109
[821]	127
[822]	127
[823]	115
[824]	121
[825]	127
[826]	116
[827]	127
[828]	127
[829]	120
[830]	123
[831]	108
[832]	117
[833]	102
[834]	116
[835]	108
[836]	95
[837]	104
[838]	87
[839]	96
[840]	75
[841]	71
[842]	72
[843]	59
[844]	51
[845]	53
[846]	33
[847]	33
[848]	14
[849]	-1
[850]	2
[851]	-8
[852]	-13
[853]	-13
[854]	-29
[855]	-31
[856]	-41
[857]	-60
[858]	-52
[859]	-54
[860]	-74
[861]	-76
[862]	-87
[863]	-82
[864]	-109
[865]	-103
[866]	-98
[867]	-103
[868]	-102
[869]	-114
[870]	-128
[871]	-121
[872]	-114
[873]	-128
[874]	-124
[875]	-118
[876]	-117
[877]	-128
[878]	-125
[879]	-117
[880]	-128
[881]	-120
[882]	-124
[883]	-112
[884]	-107
[885]	-113
[886]	-100
[887]	-87
[888]	-80
[889]	-79
[890]	-90
[891]	-78
[892]	-75
[893]	-48
[894]	-38
[895]	-49
[896]	-40
[897]	-32
[898]	-15
[899]	-20
[900]	-14
[901]	15
[902]	3
[903]	19
[904]	33
[905]	47
[906]	47
[907]	55
[908]	67
[909]	66
[910]	62
[911]	82
[912]	75
[913]	80
[914]	98
[915]	97
[916]	109
[917]	118
[918]	115
[919]	126
[920]	127
[921]	120
[922]	124
[923]	127
[924]	119
[925]	123
[926]	121
[927]	117
[928]	114
[929]	127
[930]	127
[931]	114
[932]	127
[933]	111
[934]	99
[935]	102
[936]	111
[937]	106
[938]	102
[939]	79
[940]	79
[941]	75
[942]	72
[943]	70
[944]	61
[945]	31
[946]	36
[947]	28
[948]	13
[949]	17
[950]	-5
[951]	5
[952]	-2
[953]	-26
[954]	-28
[955]	-32
[956]	-47
[957]	-41
[958]	-65
[959]	-69
[960]	-60
[961]	-68
[962]	-86
[963]	-91
[964]	-90
[965]	-107
[966]	-114
[967]	-103
[968]	-108
[969]	-106
[970]	-118
[971]	-128
[972]	-116
[973]	-123
[974]	-128
[975]	-128
[976]	-128
[977]	-128
[978]	-124
[979]	-127
[980]	-117
[981]	-128
[982]	-109
[983]	-127
[984]	-99
[985]	-97
[986]	-110
[987]	-89
[988]	-91
[989]	-73
[990]	-75
[991]	-75
[992]	-58
[993]	-58
[994]	-50
[995]	-55
[996]	-41
[997]	-19
[998]	-19
[999]	-12
