[0]	-0.207
[1]	0.361
[2]	0.493
[3]	1.208
[4]	1.709
[5]	1.765
[6]	2.12
[7]	1.665
[8]	2.37
[9]	2.509
[10]	3.396
[11]	3.187
[12]	3.237
[13]	3.738
[14]	4.106
[15]	3.977
[16]	3.871
[17]	3.93
[18]	4.165
[19]	4.92
[20]	4.835
[21]	5.104
[22]	5.353
[23]	5.29
[24]	4.813
[25]	5.17
[26]	5.236
[27]	4.743
[28]	4.43
[29]	4.788
[30]	4.682
[31]	5.135
[32]	4.503
[33]	4.406
[34]	4.549
[35]	4.465
[36]	4.337
[37]	3.608
[38]	3.24
[39]	2.986
[40]	2.477
[41]	2.878
[42]	2.874
[43]	1.934
[44]	1.362
[45]	1.812
[46]	0.808
[47]	0.866
[48]	0.402
[49]	0.086
[50]	0.442
[51]	-0.348
[52]	-0.904
[53]	-0.477
[54]	-1.193
[55]	-1.783
[56]	-1.399
[57]	-1.675
[58]	-2.149
[59]	-2.913
[60]	-3.278
[61]	-2.775
[62]	-3.748
[63]	-3.905
[64]	-3.668
[65]	-3.596
[66]	-4.177
[67]	-3.973
[68]	-4.071
[69]	-4.748
[70]	-4.767
[71]	-4.696
[72]	-5.042
[73]	-4.804
[74]	-4.54
[75]	-4.728
[76]	-5.082
[77]	-5.263
[78]	-4.88
[79]	-4.646
[80]	-4.349
[81]	-4.725
[82]	-4.895
[83]	-4.452
[84]	-4.028
[85]	-3.832
[86]	-3.474
[87]	-4.058
[88]	-3.53
[89]	-2.864
[90]	-2.81
[91]	-2.783
[92]	-2.559
[93]	-2.393
[94]	-2.167
[95]	-1.242
[96]	-1.679
[97]	-0.905
[98]	-0.648
[99]	-0.213
[100]	-0.146
[101]	0.469
[102]	1.093
[103]	0.972
[104]	1.286
[105]	1.558
[106]	2.259
[107]	2.063
[108]	2.365
[109]	2.988
[110]	3.242
[111]	3.18
[112]	3.157
[113]	3.973
[114]	3.891
[115]	4.525
[116]	4.25
[117]	4.14
[118]	4.154
[119]	4.476
[120]	4.463
[121]	4.933
[122]	5.364
[123]	5.338
[124]	4.847
[125]	4.709
[126]	5.149
[127]	5.037
[128]	4.526
[129]	5.167
[130]	4.916
[131]	5.016
[132]	4.381
[133]	4.612
[134]	4.215
[135]	4.218
[136]	4.354
[137]	4.02
[138]	3.349
[139]	2.832
[140]	2.873
[141]	2.478
[142]	2.077
[143]	1.876
[144]	1.976
[145]	1.966
[146]	0.802
[147]	1.054
[148]	0.244
[149]	0.04
[150]	0.069
[151]	0.152
[152]	-0.148
[153]	-1.181
[154]	-1.029
[155]	-1.935
[156]	-1.803
[157]	-2.144
[158]	-2.129
[159]	-2.497
[160]	-3.197
[161]	-2.898
[162]	-3.711
[163]	-4.086
[164]	-4.183
[165]	-4.225
[166]	-4.587
[167]	-4.297
[168]	-4.038
[169]	-4.802
[170]	-4.277
[171]	-4.767
[172]	-5.239
[173]	-4.648
[174]	-5.222
[175]	-5.208
[176]	-5.145
[177]	-4.69
[178]	-4.758
[179]	-4.999
[180]	-4.978
[181]	-4.912
[182]	-4.734
[183]	-3.961
[184]	-4.348
[185]	-4.287
[186]	-3.802
[187]	-4.139
[188]	-3.193
[189]	-3.658
[190]	-2.709
[191]	-2.658
[192]	-2.676
[193]	-2.465
[194]	-1.436
[195]	-1.45
[196]	-0.822
[197]	-0.801
[198]	-0.169
[199]	-0.339
[200]	0.343
[201]	-0.136
[202]	0.801
[203]	1.044
[204]	1.459
[205]	1.993
[206]	1.33
[207]	2.552
[208]	2.843
[209]	2.575
[210]	2.677
[211]	3.605
[212]	3.113
[213]	3.546
[214]	3.458
[215]	4.048
[216]	4.658
[217]	4.527
[218]	4.955
[219]	4.431
[220]	4.454
[221]	4.336
[222]	4.784
[223]	5.33
[224]	5.174
[225]	5.275
[226]	5.356
[227]	4.726
[228]	4.872
[229]	4.621
[230]	4.55
[231]	4.791
[232]	4.073
[233]	4.758
[234]	4.142
[235]	4.408
[236]	3.604
[237]	3.263
[238]	3.504
[239]	2.946
[240]	3.354
[241]	2.874
[242]	2.374
[243]	2.612
[244]	2.18
[245]	1.37
[246]	1.254
[247]	0.694
[248]	0.553
[249]	0.551
[250]	0.247
[251]	-0.714
[252]	-1.059
[253]	-0.511
[254]	-0.774
[255]	-1.778
[256]	-1.48
[257]	-2.359
[258]	-2.33
[259]	-3.068
[260]	-2.574
[261]	-3.499
[262]	-3.464
[263]	-4.045
[264]	-4.314
[265]	-4.017
[266]	-4.516
[267]	-4.511
[268]	-4.811
[269]	-4.286
[270]	-4.307
[271]	-4.422
[272]	-4.805
[273]	-5.395
[274]	-5.386
[275]	-4.796
[276]	-4.752
[277]	-5.301
[278]	-4.426
[279]	-4.354
[280]	-4.332
[281]	-4.631
[282]	-4.911
[283]	-4.638
[284]	-4.37
[285]	-3.654
[286]	-3.618
[287]	-4.127
[288]	-3.166
[289]	-3.287
[290]	-2.923
[291]	-2.49
[292]	-2.675
[293]	-2.252
[294]	-2.098
[295]	-1.625
[296]	-0.998
[297]	-1.135
[298]	-0.537
[299]	-0.011
[300]	-0.383
[301]	0.019
[302]	1.037
[303]	1.116
[304]	1.544
[305]	1.204
[306]	1.442
[307]	1.775
[308]	2.33
[309]	2.806
[310]	3.317
[311]	3.239
[312]	3.313
[313]	3.489
[314]	4.293
[315]	3.927
[316]	3.834
[317]	4.402
[318]	4.94
[319]	4.173
[320]	4.482
[321]	5.22
[322]	4.813
[323]	4.98
[324]	5.3
[325]	4.941
[326]	4.774
[327]	4.614
[328]	4.79
[329]	5.175
[330]	4.835
[331]	4.177
[332]	4.663
[333]	4.445
[334]	4.504
[335]	3.998
[336]	4.006
[337]	3.728
[338]	2.989
[339]	3.134
[340]	3.047
[341]	2.756
[342]	2.683
[343]	2.292
[344]	2.199
[345]	1.458
[346]	1.753
[347]	1.039
[348]	0.68
[349]	0.762
[350]	0.221
[351]	-0.07
[352]	-0.118
[353]	-0.947
[354]	-1.679
[355]	-1.53
[356]	-1.758
[357]	-1.621
[358]	-2.388
[359]	-2.232
[360]	-3.354
[361]	-2.778
[362]	-3.059
[363]	-3.25
[364]	-3.475
[365]	-3.768
[366]	-4.571
[367]	-4.528
[368]	-4.844
[369]	-4.278
[370]	-5.232
[371]	-5.061
[372]	-5.066
[373]	-4.872
[374]	-5.232
[375]	-5.472
[376]	-4.564
[377]	-5.301
[378]	-4.517
[379]	-4.727
[380]	-4.571
[381]	-4.928
[382]	-4.825
[383]	-4.527
[384]	-4.014
[385]	-3.769
[386]	-3.862
[387]	-4.179
[388]	-3.427
[389]	-3.176
[390]	-3.371
[391]	-2.965
[392]	-2.666
[393]	-2.298
[394]	-1.733
[395]	-1.851
[396]	-1.628
[397]	-0.583
[398]	-0.661
[399]	-0.095
[400]	0.153
[401]	-0.027
[402]	0.183
[403]	1.343
[404]	1.306
[405]	1.913
[406]	1.756
[407]	1.814
[408]	2.604
[409]	2.713
[410]	2.871
[411]	3.047
[412]	2.945
[413]	3.748
[414]	3.965
[415]	4.221
[416]	4.073
[417]	4.758
[418]	4.644
[419]	4.881
[420]	4.759
[421]	5.005
[422]	4.896
[423]	4.948
[424]	5.389
[425]	5.489
[426]	4.673
[427]	4.494
[428]	4.638
[429]	5.018
[430]	4.341
[431]	4.581
[432]	4.827
[433]	4.022
[434]	3.996
[435]	3.659
[436]	4.171
[437]	4.183
[438]	3.412
[439]	3.422
[440]	3.319
[441]	2.279
[442]	2.616
[443]	2.417
[444]	2.363
[445]	1.535
[446]	1.72
[447]	0.736
[448]	1.08
[449]	0.182
[450]	0.117
[451]	-0.458
[452]	-0.528
[453]	-1.261
[454]	-1.199
[455]	-1.123
[456]	-2.235
[457]	-1.964
[458]	-2.316
[459]	-2.292
[460]	-2.995
[461]	-3.626
[462]	-3.328
[463]	-3.864
[464]	-4.023
[465]	-3.61
[466]	-3.722
[467]	-4.368
[468]	-4.934
[469]	-4.736
[470]	-4.848
[471]	-4.542
[472]	-5.175
[473]	-5.025
[474]	-5.188
[475]	-4.65
[476]	-5.276
[477]	-5.216
[478]	-5.279
[479]	-4.757
[480]	-4.534
[481]	-4.88
[482]	-4.802
[483]	-4.559
[484]	-3.873
[485]	-3.923
[486]	-3.424
[487]	-4.018
[488]	-3.741
[489]	-3.022
[490]	-3.118
[491]	-2.842
[492]	-2.453
[493]	-2.433
[494]	-1.438
[495]	-1.973
[496]	-1.205
[497]	-0.561
[498]	-0.231
[499]	-0.051
[500]	-0.293
[501]	0.099
[502]	0.457
[503]	1.09
[504]	1.184
[505]	1.024
[506]	1.519
[507]	2.083
[508]	1.996
[509]	2.286
[510]	3.346
[511]	2.69
[512]	2.91
[513]	3.536
[514]	3.784
[515]	3.743
[516]	3.94
[517]	4.214
[518]	4.139
[519]	4.323
[520]	5.207
[521]	5.291
[522]	5.06
[523]	5.371
[524]	4.698
[525]	5.01
[526]	5.182
[527]	5.412
[528]	4.934
[529]	4.622
[530]	4.433
[531]	4.903
[532]	4.215
[533]	4.813
[534]	4.159
[535]	3.87
[536]	3.649
[537]	3.945
[538]	3.63
[539]	2.845
[540]	3.425
[541]	2.458
[542]	2.322
[543]	2.621
[544]	1.81
[545]	1.597
[546]	0.943
[547]	1.464
[548]	0.895
[549]	-0.09
[550]	-0.369
[551]	-0.207
[552]	-0.058
[553]	-1.004
[554]	-0.79
[555]	-1.849
[556]	-2.035
[557]	-1.576
[558]	-2.137
[559]	-2.166
[560]	-3.181
[561]	-2.619
[562]	-3.364
[563]	-3.671
[564]	-3.695
[565]	-3.678
[566]	-4.367
[567]	-4.819
[568]	-4.748
[569]	-5.008
[570]	-4.923
[571]	-5.247
[572]	-4.551
[573]	-5.128
[574]	-4.512
[575]	-4.687
[576]	-5.037
[577]	-5.353
[578]	-4.47
[579]	-4.949
[580]	-4.578
[581]	-4.867
[582]	-4.616
[583]	-4.453
[584]	-4.594
[585]	-4.518
[586]	-4.406
[587]	-3.854
[588]	-3.263
[589]	-3.199
[590]	-3.3
[591]	-2.474
[592]	-2.025
[593]	-2.653
[594]	-1.756
[595]	-1.63
[596]	-1.14
[597]	-1.002
[598]	-1.115
[599]	-0.561
[600]	0.068
[601]	-0.194
[602]	0.316
[603]	1.2
[604]	1.102
[605]	1.287
[606]	1.486
[607]	2.058
[608]	2.505
[609]	2.181
[610]	3.352
[611]	3.012
[612]	2.893
[613]	3.449
[614]	4.174
[615]	4.33
[616]	3.754
[617]	4.286
[618]	4.478
[619]	4.173
[620]	4.998
[621]	5.296
[622]	4.825
[623]	4.658
[624]	4.955
[625]	5.188
[626]	4.604
[627]	5.163
[628]	5.375
[629]	4.442
[630]	5.084
[631]	4.546
[632]	4.067
[633]	4.399
[634]	4.0
[635]	4.033
[636]	3.571
[637]	4.164
[638]	3.626
[639]	3.308
[640]	3.05
[641]	3.156
[642]	2.841
[643]	2.216
[644]	1.535
[645]	1.689
[646]	1.235
[647]	1.047
[648]	0.292
[649]	0.489
[650]	-0.054
[651]	-0.512
[652]	-0.242
[653]	-0.374
[654]	-0.734
[655]	-1.511
[656]	-2.049
[657]	-1.544
[658]	-2.179
[659]	-2.267
[660]	-3.275
[661]	-3.014
[662]	-2.983
[663]	-3.495
[664]	-4.193
[665]	-3.85
[666]	-3.673
[667]	-3.94
[668]	-4.09
[669]	-5.092
[670]	-5.215
[671]	-4.44
[672]	-5.208
[673]	-4.477
[674]	-5.112
[675]	-5.159
[676]	-5.116
[677]	-4.582
[678]	-4.485
[679]	-5.0
[680]	-5.024
[681]	-4.324
[682]	-4.921
[683]	-4.038
[684]	-4.379
[685]	-4.506
[686]	-3.992
[687]	-4.189
[688]	-3.858
[689]	-3.595
[690]	-2.879
[691]	-2.377
[692]	-2.998
[693]	-2.663
[694]	-1.975
[695]	-1.273
[696]	-0.964
[697]	-0.971
[698]	-0.992
[699]	-0.463
[700]	-0.047
[701]	0.055
[702]	0.444
[703]	0.641
[704]	1.25
[705]	1.636
[706]	2.214
[707]	2.24
[708]	1.831
[709]	2.573
[710]	2.985
[711]	3.087
[712]	3.14
[713]	3.354
[714]	4.071
[715]	3.733
[716]	4.441
[717]	3.848
[718]	4.446
[719]	4.514
[720]	4.69
[721]	4.381
[722]	4.458
[723]	4.689
[724]	5.045
[725]	4.915
[726]	4.523
[727]	5.441
[728]	4.539
[729]	5.034
[730]	4.481
[731]	4.259
[732]	4.828
[733]	4.659
[734]	4.374
[735]	4.387
[736]	4.415
[737]	3.427
[738]	3.718
[739]	3.063
[740]	3.233
[741]	2.536
[742]	2.783
[743]	2.41
[744]	2.388
[745]	2.033
[746]	1.753
[747]	0.77
[748]	0.536
[749]	0.026
[750]	-0.082
[751]	0.023
[752]	-0.668
[753]	-0.661
[754]	-1.51
[755]	-1.635
[756]	-1.921
[757]	-2.004
[758]	-2.488
[759]	-2.643
[760]	-2.952
[761]	-2.724
[762]	-3.665
[763]	-3.917
[764]	-3.286
[765]	-3.871
[766]	-4.085
[767]	-4.001
[768]	-4.508
[769]	-4.72
[770]	-4.265
[771]	-4.4
[772]	-5.123
[773]	-5.152
[774]	-4.885
[775]	-4.734
[776]	-5.394
[777]	-5.424
[778]	-4.843
[779]	-5.038
[780]	-5.132
[781]	-4.373
[782]	-4.747
[783]	-3.977
[784]	-4.787
[785]	-4.113
[786]	-3.966
[787]	-3.312
[788]	-3.899
[789]	-3.458
[790]	-2.775
[791]	-2.838
[792]	-2.818
[793]	-2.238
[794]	-2.22
[795]	-1.503
[796]	-1.362
[797]	-1.022
[798]	-1.096
[799]	-0.633
[800]	0.16
[801]	0.081
[802]	0.792
[803]	0.365
[804]	1.452
[805]	1.42
[806]	1.464
[807]	1.939
[808]	2.267
[809]	3.021
[810]	2.898
[811]	2.888
[812]	3.739
[813]	3.43
[814]	4.012
[815]	3.731
[816]	3.673
[817]	4.014
[818]	4.696
[819]	5.07
[820]	4.264
[821]	5.282
[822]	5.004
[823]	4.512
[824]	4.737
[825]	5.227
[826]	4.553
[827]	5.185
[828]	5.37
[829]	4.696
[830]	4.789
[831]	4.215
[832]	4.56
[833]	3.988
[834]	4.554
[835]	4.231
[836]	3.716
[837]	4.076
[838]	3.386
[839]	3.746
[840]	2.926
[841]	2.769
[842]	2.831
[843]	2.321
[844]	1.987
[845]	2.074
[846]	1.308
[847]	1.3
[848]	0.562
[849]	-0.044
[850]	0.096
[851]	-0.299
[852]	-0.506
[853]	-0.479
[854]	-1.115
[855]	-1.185
[856]	-1.582
[857]	-2.321
[858]	-2.013
[859]	-2.082
[860]	-2.872
[861]	-2.963
[862]	-3.372
[863]	-3.168
[864]	-4.24
[865]	-4.01
[866]	-3.81
[867]	-3.991
[868]	-3.969
[869]	-4.445
[870]	-5.15
[871]	-4.72
[872]	-4.42
[873]	-5.436
[874]	-4.844
[875]	-4.607
[876]	-4.561
[877]	-5.199
[878]	-4.88
[879]	-4.551
[880]	-5.143
[881]	-4.663
[882]	-4.826
[883]	-4.35
[884]	-4.145
[885]	-4.397
[886]	-3.905
[887]	-3.381
[888]	-3.107
[889]	-3.078
[890]	-3.505
[891]	-3.027
[892]	-2.913
[893]	-1.877
[894]	-1.476
[895]	-1.898
[896]	-1.558
[897]	-1.243
[898]	-0.566
[899]	-0.753
[900]	-0.536
[901]	0.609
[902]	0.142
[903]	0.759
[904]	1.283
[905]	1.835
[906]	1.853
[907]	2.171
[908]	2.632
[909]	2.583
[910]	2.424
[911]	3.213
[912]	2.943
[913]	3.129
[914]	3.851
[915]	3.788
[916]	4.248
[917]	4.623
[918]	4.485
[919]	4.909
[920]	5.173
[921]	4.694
[922]	4.86
[923]	5.342
[924]	4.651
[925]	4.81
[926]	4.744
[927]	4.556
[928]	4.461
[929]	5.108
[930]	5.055
[931]	4.472
[932]	5.009
[933]	4.332
[934]	3.871
[935]	3.997
[936]	4.353
[937]	4.163
[938]	3.971
[939]	3.076
[940]	3.088
[941]	2.924
[942]	2.838
[943]	2.743
[944]	2.396
[945]	1.226
[946]	1.422
[947]	1.111
[948]	0.517
[949]	0.675
[950]	-0.189
[951]	0.198
[952]	-0.068
[953]	-0.987
[954]	-1.073
[955]	-1.238
[956]	-1.803
[957]	-1.585
[958]	-2.505
[959]	-2.665
[960]	-2.344
[961]	-2.635
[962]	-3.347
[963]	-3.531
[964]	-3.512
[965]	-4.155
[966]	-4.434
[967]	-4.018
[968]	-4.187
[969]	-4.117
[970]	-4.587
[971]	-5.045
[972]	-4.512
[973]	-4.775
[974]	-5.117
[975]	-5.282
[976]	-5.342
[977]	-5.477
[978]	-4.809
[979]	-4.931
[980]	-4.545
[981]	-5.012
[982]	-4.258
[983]	-4.923
[984]	-3.841
[985]	-3.778
[986]	-4.289
[987]	-3.464
[988]	-3.524
[989]	-2.834
[990]	-2.928
[991]	-2.924
[992]	-2.243
[993]	-2.258
[994]	-1.948
[995]	-2.131
[996]	-1.575
[997]	-0.711
[998]	-0.748
[999]	-0.442
